17 0.6075 0.1019313304721 0.032142857142857 0.029327610872675
17 0.67678571428571 0.96387696709585 0.029285714285714 0.027896995708155
17 0.105 0.10121602288984 0.032857142857143 0.030758226037196
17 0.67642857142857 0.67489270386266 0.031428571428571 0.030758226037196
17 0.89 0.53361945636624 0.034285714285714 0.028612303290415
17 0.39107142857143 0.029327610872675 0.032142857142857 0.030042918454936
17 0.32107142857143 0.67525035765379 0.032142857142857 0.030042918454936
17 0.74821428571429 0.39270386266094 0.032142857142857 0.030042918454936
17 0.53321428571429 0.74785407725322 0.030714285714286 0.029327610872675
17 0.38964285714286 0.74892703862661 0.032142857142857 0.030042918454936
17 0.46428571428571 0.46173104434907 0.032857142857143 0.029327610872675
17 0.60392857142857 0.39413447782546 0.033571428571429 0.031473533619456
17 0.89285714285714 0.38876967095851 0.034285714285714 0.030758226037196
17 0.036785714285714 0.099427753934192 0.033571428571429 0.030042918454936
17 0.2475 0.46423462088698 0.032142857142857 0.030042918454936
17 0.67964285714286 0.035407725321888 0.035 0.030758226037196
17 0.53678571428571 0.46065808297568 0.030714285714286 0.028612303290415
17 0.96357142857143 0.60515021459227 0.035714285714286 0.032904148783977
17 0.46535714285714 0.17989985693848 0.033571428571429 0.029327610872675
17 0.034642857142857 0.74892703862661 0.032142857142857 0.028612303290415
17 0.033928571428571 0.31723891273247 0.033571428571429 0.030758226037196
17 0.032857142857143 0.3898426323319 0.035714285714286 0.032904148783977
17 0.46142857142857 0.32188841201717 0.031428571428571 0.028612303290415
17 0.89214285714286 0.45922746781116 0.032857142857143 0.031473533619456
17 0.53357142857143 0.53505007153076 0.034285714285714 0.030042918454936
17 0.67642857142857 0.89198855507868 0.037142857142857 0.034334763948498
17 0.96357142857143 0.96387696709585 0.034285714285714 0.030758226037196
17 0.46357142857143 0.39234620886981 0.032857142857143 0.029327610872675
17 0.81964285714286 0.74928469241774 0.032142857142857 0.029327610872675
17 0.46214285714286 0.74892703862661 0.032857142857143 0.028612303290415
17 0.033214285714286 0.96387696709585 0.030714285714286 0.027896995708155
17 0.033571428571429 0.46316165951359 0.031428571428571 0.027896995708155
17 0.11071428571429 0.39484978540773 0.034285714285714 0.031473533619456
17 0.535 0.60908440629471 0.032857142857143 0.027896995708155
17 0.60785714285714 0.60729613733906 0.034285714285714 0.031473533619456
17 0.89357142857143 0.24928469241774 0.032857142857143 0.032188841201717
17 0.034285714285714 0.17381974248927 0.032857142857143 0.031473533619456
17 0.17678571428571 0.53397711015737 0.033571428571429 0.029327610872675
17 0.89321428571429 0.10264663805436 0.035 0.032188841201717
17 0.81892857142857 0.89306151645207 0.030714285714286 0.029327610872675
17 0.24785714285714 0.39163090128755 0.034285714285714 0.030758226037196
17 0.38892857142857 0.82153075822604 0.030714285714286 0.027896995708155
17 0.25214285714286 0.030400572246066 0.035714285714286 0.033619456366237
17 0.24821428571429 0.96280400572246 0.030714285714286 0.027181688125894
17 0.7475 0.74928469241774 0.030714285714286 0.027896995708155
17 0.75035714285714 0.31795422031474 0.033571428571429 0.032188841201717
17 0.035 0.89198855507868 0.032857142857143 0.030042918454936
17 0.10464285714286 0.61158798283262 0.032142857142857 0.028612303290415
17 0.3225 0.031473533619456 0.035 0.032904148783977
17 0.10821428571429 0.67489270386266 0.032142857142857 0.029327610872675
17 0.39035714285714 0.31723891273247 0.035 0.030758226037196
17 0.46607142857143 0.1019313304721 0.032142857142857 0.029327610872675
17 0.74785714285714 0.53469241773963 0.031428571428571 0.029327610872675
17 0.395 0.17381974248927 0.032857142857143 0.028612303290415
17 0.38964285714286 0.53505007153076 0.033571428571429 0.030042918454936
17 0.17714285714286 0.8944921316166 0.031428571428571 0.030758226037196
17 0.39 0.3944921316166 0.031428571428571 0.027896995708155
17 0.82107142857143 0.60622317596567 0.032142857142857 0.029327610872675
17 0.53357142857143 0.24928469241774 0.031428571428571 0.027896995708155
17 0.53321428571429 0.96530758226037 0.029285714285714 0.027896995708155
17 0.96464285714286 0.67560801144492 0.032142857142857 0.032188841201717
17 0.2525 0.10300429184549 0.035 0.031473533619456
17 0.46142857142857 0.60729613733906 0.031428571428571 0.030042918454936
17 0.67428571428571 0.1055078683834 0.035714285714286 0.030758226037196
17 0.74714285714286 0.67811158798283 0.031428571428571 0.030042918454936
17 0.10321428571429 0.89377682403433 0.035 0.032188841201717
17 0.89464285714286 0.17525035765379 0.033571428571429 0.030042918454936
17 0.535 0.32081545064378 0.032857142857143 0.029327610872675
17 0.39392857142857 0.46244635193133 0.032142857142857 0.029327610872675
17 0.24821428571429 0.53290414878398 0.032142857142857 0.030042918454936
17 0.89285714285714 0.31688125894134 0.032857142857143 0.030042918454936
17 0.60857142857143 0.89306151645207 0.031428571428571 0.030758226037196
17 0.1775 0.46280400572246 0.033571428571429 0.030042918454936
17 0.96214285714286 0.53254649499285 0.034285714285714 0.032188841201717
17 0.67642857142857 0.53147353361946 0.034285714285714 0.030042918454936
17 0.32071428571429 0.89198855507868 0.034285714285714 0.031473533619456
17 0.60571428571429 0.031831187410587 0.032857142857143 0.029327610872675
17 0.68035714285714 0.75 0.035 0.032188841201717
17 0.032857142857143 0.033619456366237 0.034285714285714 0.030042918454936
17 0.46071428571429 0.96530758226037 0.032857142857143 0.029327610872675
17 0.032857142857143 0.6055078683834 0.034285714285714 0.032188841201717
17 0.035 0.53218884120172 0.031428571428571 0.030042918454936
17 0.24964285714286 0.17668097281831 0.032142857142857 0.028612303290415
17 0.81857142857143 0.24785407725322 0.035714285714286 0.032188841201717
17 0.53357142857143 0.17381974248927 0.032857142857143 0.027181688125894
17 0.74571428571429 0.60371959942775 0.032857142857143 0.030042918454936
17 0.31642857142857 0.10264663805436 0.034285714285714 0.030758226037196
17 0.465 0.032546494992847 0.032857142857143 0.029327610872675
17 0.6025 0.96673819742489 0.032142857142857 0.030758226037196
17 0.31892857142857 0.60693848354793 0.032142857142857 0.029327610872675
17 0.31607142857143 0.31831187410587 0.033571428571429 0.032904148783977
17 0.96357142857143 0.39091559370529 0.032857142857143 0.032188841201717
17 0.96428571428571 0.1019313304721 0.034285714285714 0.033619456366237
17 0.60571428571429 0.46280400572246 0.031428571428571 0.027181688125894
17 0.32 0.96387696709585 0.031428571428571 0.027896995708155
17 0.5325 0.67489270386266 0.030714285714286 0.027896995708155
17 0.96464285714286 0.46065808297568 0.035 0.030042918454936
17 0.10428571428571 0.032546494992847 0.035714285714286 0.030758226037196
17 0.46285714285714 0.89270386266094 0.032857142857143 0.028612303290415
17 0.96142857142857 0.74856938483548 0.034285714285714 0.029327610872675
17 0.32214285714286 0.39270386266094 0.031428571428571 0.030042918454936
17 0.24892857142857 0.89163090128755 0.032142857142857 0.029327610872675
17 0.89107142857143 0.82010014306152 0.032142857142857 0.027896995708155
17 0.17678571428571 0.24964234620887 0.036428571428571 0.031473533619456
17 0.74964285714286 0.81938483547926 0.036428571428571 0.030758226037196
17 0.96464285714286 0.82188841201717 0.033571428571429 0.028612303290415
17 0.17678571428571 0.31974248927039 0.033571428571429 0.031473533619456
17 0.81964285714286 0.5307582260372 0.033571428571429 0.031473533619456
17 0.82285714285714 0.1019313304721 0.032857142857143 0.030758226037196
17 0.39 0.24964234620887 0.044285714285714 0.041487839771102
17 0.82178571428571 0.1741773962804 0.033571428571429 0.029327610872675
17 0.89107142857143 0.96459227467811 0.030714285714286 0.029327610872675
17 0.39571428571429 0.67846924177396 0.031428571428571 0.030758226037196
17 0.46285714285714 0.67846924177396 0.034285714285714 0.029327610872675
17 0.10785714285714 0.46387696709585 0.032857142857143 0.030758226037196
17 0.82 0.81688125894134 0.03 0.028612303290415
17 0.2475 0.67703862660944 0.035 0.030758226037196
17 0.96321428571429 0.029685264663805 0.037857142857143 0.035050071530758
17 0.18 0.17739628040057 0.034285714285714 0.030042918454936
17 0.46571428571429 0.53397711015737 0.032857142857143 0.027896995708155
17 0.25 0.32010014306152 0.032857142857143 0.029327610872675
17 0.81964285714286 0.67596566523605 0.030714285714286 0.027181688125894
17 0.75 0.033977110157368 0.037142857142857 0.032188841201717
17 0.32 0.24499284692418 0.032857142857143 0.029327610872675
17 0.96392857142857 0.17739628040057 0.033571428571429 0.030042918454936
17 0.10535714285714 0.75035765379113 0.032142857142857 0.028612303290415
17 0.10357142857143 0.31688125894134 0.034285714285714 0.032904148783977
17 0.68071428571429 0.17596566523605 0.032857142857143 0.030042918454936
17 0.10357142857143 0.24713876967096 0.032857142857143 0.029327610872675
17 0.60357142857143 0.67560801144492 0.031428571428571 0.029327610872675
17 0.25035714285714 0.24678111587983 0.032142857142857 0.028612303290415
17 0.17607142857143 0.82081545064378 0.032142857142857 0.029327610872675
17 0.82142857142857 0.45958512160229 0.032857142857143 0.029327610872675
17 0.67535714285714 0.60836909871245 0.035 0.029327610872675
17 0.96464285714286 0.24713876967096 0.033571428571429 0.029327610872675
17 0.17821428571429 0.39127324749642 0.033571428571429 0.031473533619456
17 0.18 0.10371959942775 0.034285714285714 0.031473533619456
17 0.53142857142857 0.81831187410587 0.032857142857143 0.030042918454936
17 0.033571428571429 0.67596566523605 0.032857142857143 0.028612303290415
17 0.68142857142857 0.46244635193133 0.032857142857143 0.029327610872675
17 0.82178571428571 0.31938483547926 0.032142857142857 0.030758226037196
17 0.75 0.45994277539342 0.032857142857143 0.030042918454936
17 0.17607142857143 0.03755364806867 0.033571428571429 0.030758226037196
17 0.39107142857143 0.96351931330472 0.032142857142857 0.028612303290415
17 0.39214285714286 0.60515021459227 0.032857142857143 0.030042918454936
17 0.75 0.25250357653791 0.034285714285714 0.030042918454936
17 0.53428571428571 0.39127324749642 0.031428571428571 0.030042918454936
17 0.24714285714286 0.81795422031474 0.031428571428571 0.029327610872675
17 0.67642857142857 0.82081545064378 0.031428571428571 0.029327610872675
17 0.67357142857143 0.3944921316166 0.035714285714286 0.030758226037196
17 0.10785714285714 0.82117310443491 0.032857142857143 0.030042918454936
17 0.67607142857143 0.32117310443491 0.036428571428571 0.030042918454936
17 0.32035714285714 0.7464234620887 0.032142857142857 0.029327610872675
17 0.60428571428571 0.24928469241774 0.031428571428571 0.029327610872675
17 0.39142857142857 0.89020028612303 0.03 0.029327610872675
17 0.74821428571429 0.89270386266094 0.030714285714286 0.030042918454936
17 0.67857142857143 0.25035765379113 0.031428571428571 0.030042918454936
17 0.89 0.89234620886981 0.037142857142857 0.035050071530758
17 0.24821428571429 0.60801144492132 0.032142857142857 0.028612303290415
17 0.46464285714286 0.24749642346209 0.033571428571429 0.028612303290415
17 0.53392857142857 0.89198855507868 0.032142857142857 0.031473533619456
17 0.105 0.17632331902718 0.034285714285714 0.032188841201717
17 0.82178571428571 0.030400572246066 0.033571428571429 0.030758226037196
17 0.17714285714286 0.67525035765379 0.032857142857143 0.030042918454936
17 0.60535714285714 0.5343347639485 0.033571428571429 0.030042918454936
17 0.10357142857143 0.96494992846924 0.032857142857143 0.028612303290415
17 0.105 0.53397711015737 0.034285714285714 0.029327610872675
17 0.60678571428571 0.17346208869814 0.033571428571429 0.029327610872675
17 0.24821428571429 0.74821173104435 0.030714285714286 0.027181688125894
17 0.60464285714286 0.32153075822604 0.032142857142857 0.027896995708155
17 0.75142857142857 0.10479256080114 0.035714285714286 0.032188841201717
17 0.89107142857143 0.60729613733906 0.033571428571429 0.028612303290415
17 0.96428571428571 0.89091559370529 0.032857142857143 0.030758226037196
17 0.3925 0.10479256080114 0.032142857142857 0.029327610872675
17 0.035714285714286 0.24606580829757 0.032857142857143 0.031473533619456
17 0.89107142857143 0.74821173104435 0.032142857142857 0.028612303290415
17 0.81964285714286 0.3934191702432 0.032142857142857 0.030042918454936
17 0.32142857142857 0.18061516452074 0.031428571428571 0.030758226037196
17 0.53607142857143 0.032188841201717 0.033571428571429 0.031473533619456
17 0.82035714285714 0.9620886981402 0.032142857142857 0.028612303290415
17 0.17535714285714 0.74821173104435 0.032142857142857 0.028612303290415
17 0.6075 0.74821173104435 0.035 0.031473533619456
17 0.53785714285714 0.10228898426323 0.035714285714286 0.030042918454936
17 0.89285714285714 0.67489270386266 0.032857142857143 0.029327610872675
17 0.17535714285714 0.9620886981402 0.032142857142857 0.028612303290415
17 0.32285714285714 0.46030042918455 0.03 0.027896995708155
17 0.75107142857143 0.1777539341917 0.033571428571429 0.029327610872675
17 0.32142857142857 0.81938483547926 0.031428571428571 0.030758226037196
17 0.96428571428571 0.31759656652361 0.034285714285714 0.031473533619456
17 0.60214285714286 0.82117310443491 0.034285714285714 0.028612303290415
17 0.32035714285714 0.53290414878398 0.030714285714286 0.031473533619456
17 0.46142857142857 0.81831187410587 0.031428571428571 0.030042918454936
17 0.033928571428571 0.82260371959943 0.032142857142857 0.028612303290415
17 0.895 0.032546494992847 0.035714285714286 0.033619456366237
17 0.17642857142857 0.6065808297568 0.032857142857143 0.030042918454936
17 0.7475 0.9656652360515 0.032142857142857 0.028612303290415