19 0.35911458333333 0.48101851851852 0.031770833333333 0.036111111111111
19 0.3765625 0.34398148148148 0.04375 0.050925925925926
19 0.6046875 0.88055555555556 0.035416666666667 0.037037037037037
19 0.4078125 0.43148148148148 0.036458333333333 0.038888888888889
19 0.36536458333333 0.30509259259259 0.033854166666667 0.041666666666667
19 0.56458333333333 0.78888888888889 0.033333333333333 0.037037037037037
19 0.37005208333333 0.44953703703704 0.0390625 0.047222222222222
19 0.35989583333333 0.26481481481481 0.038541666666667 0.042592592592593
19 0.21927083333333 0.3 0.045833333333333 0.051851851851852
19 0.53177083333333 0.48888888888889 0.048958333333333 0.083333333333333
19 0.33619791666667 0.38888888888889 0.046354166666667 0.051851851851852
19 0.29010416666667 0.34444444444444 0.039583333333333 0.048148148148148
19 0.26302083333333 0.38009259259259 0.05 0.056481481481481
19 0.59479166666667 0.73935185185185 0.036458333333333 0.05462962962963
19 0.24947916666667 0.30740740740741 0.03125 0.038888888888889
19 0.31067708333333 0.63101851851852 0.033854166666667 0.037962962962963
19 0.42473958333333 0.625 0.036979166666667 0.046296296296296
19 0.40833333333333 0.38009259259259 0.035416666666667 0.041666666666667