6 0.59453125 0.64791666666667 0.0234375 0.026388888888889
6 0.59453125 0.93402777777778 0.028125 0.0375
6 0.658984375 0.87777777777778 0.02578125 0.030555555555556
6 0.583984375 0.68333333333333 0.02421875 0.025
6 0.59296875 0.78194444444444 0.0265625 0.027777777777778
6 0.588671875 0.60208333333333 0.02578125 0.029166666666667
6 0.5609375 0.66805555555556 0.03125 0.030555555555556
6 0.693359375 0.88472222222222 0.02578125 0.033333333333333
6 0.551953125 0.45208333333333 0.03828125 0.054166666666667
6 0.542578125 0.49236111111111 0.02265625 0.026388888888889
6 0.545703125 0.56597222222222 0.02578125 0.029166666666667
6 0.577734375 0.71458333333333 0.02265625 0.023611111111111
6 0.547265625 0.61666666666667 0.02578125 0.027777777777778
6 0.56875 0.68888888888889 0.021875 0.022222222222222
6 0.60703125 0.62013888888889 0.028125 0.031944444444444
6 0.540234375 0.34722222222222 0.02421875 0.027777777777778
6 0.65234375 0.84583333333333 0.0171875 0.019444444444444
6 0.61953125 0.70277777777778 0.0359375 0.036111111111111
6 0.632421875 0.60625 0.03046875 0.034722222222222
6 0.52890625 0.36805555555556 0.0265625 0.033333333333333
6 0.568359375 0.64027777777778 0.02578125 0.025
6 0.6421875 0.71527777777778 0.0296875 0.030555555555556
6 0.547265625 0.43819444444444 0.03671875 0.043055555555556
6 0.570703125 0.48125 0.02734375 0.031944444444444
6 0.664453125 0.80972222222222 0.03046875 0.038888888888889
6 0.617578125 0.44097222222222 0.03046875 0.034722222222222
6 0.544140625 0.59375 0.02265625 0.026388888888889
6 0.5875 0.62083333333333 0.021875 0.025
10 0.06015625 0.56875 0.015625 0.018055555555556
6 0.573046875 0.58125 0.02421875 0.034722222222222
6 0.608984375 0.69722222222222 0.03046875 0.030555555555556
6 0.679296875 0.77569444444444 0.02734375 0.031944444444444
6 0.57109375 0.56805555555556 0.025 0.030555555555556
6 0.54609375 0.51666666666667 0.028125 0.033333333333333
6 0.655078125 0.77152777777778 0.02578125 0.029166666666667
6 0.60703125 0.66319444444444 0.0265625 0.029166666666667
6 0.542578125 0.62916666666667 0.02421875 0.027777777777778
6 0.619921875 0.38819444444444 0.02890625 0.031944444444444
6 0.596484375 0.52083333333333 0.02734375 0.030555555555556
