10 0.547265625 0.43263888888889 0.02578125 0.029166666666667
6 0.533203125 0.58541666666667 0.02578125 0.026388888888889
6 0.5953125 0.92152777777778 0.0265625 0.034722222222222
6 0.68671875 0.87708333333333 0.034375 0.0375
6 0.61953125 0.44513888888889 0.03125 0.040277777777778
10 0.5421875 0.36458333333333 0.0265625 0.029166666666667
6 0.5671875 0.56527777777778 0.034375 0.038888888888889
6 0.608984375 0.65902777777778 0.02734375 0.031944444444444
10 0.655859375 0.82916666666667 0.04140625 0.055555555555556
6 0.589453125 0.70416666666667 0.02109375 0.022222222222222
6 0.628125 0.7125 0.03125 0.038888888888889
10 0.556640625 0.33472222222222 0.02734375 0.033333333333333
6 0.652734375 0.86805555555556 0.02265625 0.030555555555556
6 0.54140625 0.51041666666667 0.0265625 0.031944444444444
6 0.548046875 0.55694444444444 0.02890625 0.033333333333333
6 0.562109375 0.47152777777778 0.02890625 0.031944444444444
6 0.602734375 0.68611111111111 0.02421875 0.027777777777778
6 0.589453125 0.63055555555556 0.03515625 0.038888888888889
6 0.623828125 0.38333333333333 0.02578125 0.027777777777778
6 0.64375 0.76388888888889 0.0296875 0.033333333333333
6 0.669140625 0.76111111111111 0.03046875 0.033333333333333
6 0.597265625 0.51597222222222 0.02421875 0.029166666666667
6 0.55390625 0.66527777777778 0.0296875 0.033333333333333