10 0.69296875 0.44652777777778 0.0296875 0.040277777777778
6 0.73046875 0.40416666666667 0.0265625 0.030555555555556
10 0.71953125 0.60416666666667 0.025 0.030555555555556
10 0.888671875 0.52152777777778 0.03359375 0.043055555555556
10 0.871875 0.59861111111111 0.0265625 0.036111111111111
10 0.881640625 0.48680555555556 0.03203125 0.043055555555556
10 0.877734375 0.55694444444444 0.03046875 0.041666666666667
10 0.72890625 0.49513888888889 0.0265625 0.034722222222222
10 0.68203125 0.27638888888889 0.034375 0.047222222222222
10 0.841015625 0.49861111111111 0.02734375 0.033333333333333
10 0.7203125 0.37569444444444 0.040625 0.051388888888889
10 0.91171875 0.31666666666667 0.025 0.033333333333333
10 0.707421875 0.48194444444444 0.02421875 0.030555555555556
6 0.707421875 0.41666666666667 0.02578125 0.030555555555556
10 0.81796875 0.45 0.0265625 0.036111111111111
10 0.835546875 0.54375 0.03046875 0.0375
6 0.752734375 0.40972222222222 0.03046875 0.038888888888889
6 0.73125 0.42777777777778 0.025 0.030555555555556
10 0.862890625 0.65416666666667 0.02890625 0.038888888888889
10 0.901953125 0.58194444444444 0.02734375 0.036111111111111
10 0.645703125 0.29652777777778 0.03046875 0.040277777777778
