10 0.9359375 0.43703703703704 0.044791666666667 0.057407407407407
28 0.82369791666667 0.56018518518519 0.099479166666667 0.1537037037037
19 0.10260416666667 0.49490740740741 0.046875 0.060185185185185
19 0.58229166666667 0.90138888888889 0.055208333333333 0.089814814814815
19 0.11432291666667 0.56990740740741 0.11510416666667 0.11018518518519
19 0.24114583333333 0.47962962962963 0.11145833333333 0.14259259259259
19 0.50677083333333 0.2287037037037 0.0625 0.068518518518519
8 0.94791666666667 0.37685185185185 0.05625 0.088888888888889
8 0.78229166666667 0.21203703703704 0.065625 0.11111111111111
8 0.5671875 0.078703703703704 0.083333333333333 0.11481481481481
19 0.11901041666667 0.28842592592593 0.063020833333333 0.063888888888889
8 0.796875 0.23148148148148 0.05625 0.098148148148148
10 0.88723958333333 0.38425925925926 0.0609375 0.075925925925926
10 0.94375 0.28472222222222 0.055208333333333 0.071296296296296
8 0.97786458333333 0.43009259259259 0.038020833333333 0.056481481481481
19 0.31744791666667 0.91527777777778 0.081770833333333 0.11574074074074
8 0.68177083333333 0.0375 0.063541666666667 0.075
8 0.87630208333333 0.68101851851852 0.0453125 0.065740740740741
19 0.47083333333333 0.30046296296296 0.077083333333333 0.099074074074074
8 0.70911458333333 0.6537037037037 0.056770833333333 0.075925925925926
19 0.43567708333333 0.41712962962963 0.050520833333333 0.069444444444444
19 0.44817708333333 0.94722222222222 0.0953125 0.10185185185185
