10 0.1765625 0.20416666666667 0.059375 0.083333333333333
10 0.242578125 0.3125 0.06484375 0.083333333333333
6 0.38515625 0.67430555555556 0.0296875 0.034722222222222
6 0.433984375 0.63194444444444 0.04765625 0.05
10 0.34765625 0.13194444444444 0.0609375 0.080555555555556
10 0.921875 0.24097222222222 0.1609375 0.44583333333333
10 0.05859375 0.045138888888889 0.0703125 0.090277777777778
10 0.20625 0.45902777777778 0.259375 0.39861111111111
10 0.185546875 0.042361111111111 0.10859375 0.084722222222222
10 0.3375 0.035416666666667 0.0609375 0.070833333333333
10 0.2640625 0.18541666666667 0.0625 0.090277777777778
10 0.12265625 0.10972222222222 0.0625 0.086111111111111
10 0.333203125 0.20208333333333 0.05703125 0.076388888888889
10 0.26015625 0.029861111111111 0.0640625 0.059722222222222
10 0.2515625 0.25833333333333 0.0609375 0.086111111111111
10 0.23515625 0.09375 0.1109375 0.1375
6 0.291796875 0.61458333333333 0.05078125 0.0625
6 0.405859375 0.59861111111111 0.03515625 0.041666666666667
10 0.094921875 0.47569444444444 0.03359375 0.045833333333333
10 0.175 0.094444444444444 0.059375 0.080555555555556
10 0.4015625 0.068055555555556 0.05625 0.080555555555556
10 0.941015625 0.47152777777778 0.03515625 0.043055555555556
10 0.33984375 0.24444444444444 0.0515625 0.072222222222222
6 0.370703125 0.63263888888889 0.02578125 0.031944444444444
10 0.212890625 0.60763888888889 0.03671875 0.043055555555556
6 0.3078125 0.64722222222222 0.0296875 0.038888888888889
