10 0.655078125 0.83263888888889 0.02578125 0.034722222222222
6 0.542578125 0.51111111111111 0.02734375 0.030555555555556
10 0.658984375 0.81458333333333 0.02734375 0.040277777777778
6 0.603125 0.6875 0.021875 0.025
10 0.5671875 0.56736111111111 0.03125 0.034722222222222
6 0.542578125 0.61319444444444 0.02578125 0.031944444444444
6 0.59453125 0.92430555555556 0.025 0.029166666666667
6 0.594921875 0.51527777777778 0.02265625 0.025
6 0.6453125 0.76458333333333 0.0234375 0.026388888888889
6 0.58828125 0.70694444444444 0.0203125 0.022222222222222
10 0.618359375 0.44652777777778 0.02890625 0.0375
6 0.621484375 0.60694444444444 0.02734375 0.030555555555556
6 0.547265625 0.55625 0.02421875 0.026388888888889
6 0.54140625 0.48472222222222 0.025 0.027777777777778
10 0.538671875 0.36458333333333 0.03046875 0.034722222222222
6 0.611328125 0.70347222222222 0.02578125 0.029166666666667
6 0.5640625 0.89375 0.021875 0.026388888888889
6 0.621484375 0.37986111111111 0.01953125 0.026388888888889
6 0.653125 0.86944444444444 0.0203125 0.025
6 0.5671875 0.47222222222222 0.028125 0.030555555555556
10 0.54453125 0.44236111111111 0.028125 0.043055555555556
6 0.560546875 0.68680555555556 0.01640625 0.018055555555556
6 0.594921875 0.61805555555556 0.02734375 0.030555555555556
6 0.59296875 0.59722222222222 0.025 0.027777777777778
6 0.55625 0.66666666666667 0.028125 0.030555555555556
6 0.671484375 0.76111111111111 0.02265625 0.025
6 0.5453125 0.63194444444444 0.0265625 0.030555555555556
6 0.585546875 0.77569444444444 0.01953125 0.023611111111111
10 0.58828125 0.63472222222222 0.0328125 0.036111111111111
10 0.68828125 0.87708333333333 0.0265625 0.034722222222222
6 0.63046875 0.71527777777778 0.021875 0.025
6 0.60859375 0.66041666666667 0.0234375 0.029166666666667
6 0.5828125 0.67916666666667 0.025 0.027777777777778
6 0.53828125 0.5875 0.025 0.027777777777778
