19 0.42057291666667 0.3912037037037 0.015104166666667 0.015740740740741
19 0.5109375 0.1787037037037 0.016666666666667 0.018518518518519
19 0.6328125 0.73796296296296 0.013541666666667 0.012962962962963
19 0.48802083333333 0.45324074074074 0.01875 0.019444444444444
19 0.53671875 0.75925925925926 0.0265625 0.02962962962963
19 0.57526041666667 0.76527777777778 0.013020833333333 0.013888888888889
19 0.4328125 0.1162037037037 0.016666666666667 0.019444444444444
19 0.48203125 0.83055555555556 0.015104166666667 0.014814814814815
32 0.978125 0.2462962962963 0.042708333333333 0.098148148148148
19 0.48307291666667 0.79953703703704 0.025520833333333 0.026851851851852
19 0.50755208333333 0.62824074074074 0.015104166666667 0.015740740740741
19 0.51484375 0.67962962962963 0.0265625 0.027777777777778
19 0.49479166666667 0.18287037037037 0.017708333333333 0.017592592592593
19 0.26640625 0.41481481481481 0.019270833333333 0.018518518518519
19 0.50598958333333 0.35787037037037 0.0140625 0.015740740740741
19 0.39557291666667 0.61851851851852 0.022395833333333 0.024074074074074
19 0.63385416666667 0.79074074074074 0.019791666666667 0.02037037037037
19 0.51145833333333 0.9412037037037 0.020833333333333 0.019444444444444
19 0.3828125 0.28564814814815 0.01875 0.019444444444444
19 0.52734375 0.4712962962963 0.015104166666667 0.016666666666667
19 0.49348958333333 0.93194444444444 0.018229166666667 0.017592592592593
19 0.5953125 0.88055555555556 0.015625 0.016666666666667
19 0.49375 0.64351851851852 0.015625 0.014814814814815
19 0.50364583333333 0.48564814814815 0.014583333333333 0.015740740740741
19 0.55833333333333 0.80787037037037 0.016666666666667 0.017592592592593
19 0.55260416666667 0.61342592592593 0.0125 0.013888888888889
19 0.58932291666667 0.89490740740741 0.016145833333333 0.017592592592593
19 0.48515625 0.24583333333333 0.016145833333333 0.017592592592593
19 0.34765625 0.5787037037037 0.018229166666667 0.018518518518519
19 0.37942708333333 0.43888888888889 0.018229166666667 0.018518518518519
19 0.57135416666667 0.66712962962963 0.013541666666667 0.013888888888889
19 0.47734375 0.69675925925926 0.013020833333333 0.013888888888889
19 0.40416666666667 0.70601851851852 0.015625 0.015740740740741
19 0.44817708333333 0.6912037037037 0.0140625 0.013888888888889
19 0.34947916666667 0.27314814814815 0.026041666666667 0.02962962962963
19 0.47864583333333 0.52824074074074 0.025 0.025
19 0.54166666666667 0.49398148148148 0.017708333333333 0.023148148148148
19 0.36302083333333 0.73287037037037 0.020833333333333 0.023148148148148
19 0.43359375 0.51805555555556 0.018229166666667 0.017592592592593
19 0.34348958333333 0.71296296296296 0.015104166666667 0.014814814814815
19 0.50625 0.5662037037037 0.01875 0.019444444444444
19 0.59661458333333 0.64398148148148 0.018229166666667 0.019444444444444
19 0.54817708333333 0.64537037037037 0.011979166666667 0.012962962962963
19 0.52994791666667 0.78287037037037 0.015104166666667 0.015740740740741
19 0.528125 0.82824074074074 0.014583333333333 0.013888888888889
19 0.45859375 0.3412037037037 0.015104166666667 0.015740740740741
19 0.56979166666667 0.49722222222222 0.014583333333333 0.014814814814815
19 0.3921875 0.77175925925926 0.014583333333333 0.015740740740741
19 0.49010416666667 0.76898148148148 0.014583333333333 0.015740740740741
19 0.53177083333333 0.43009259259259 0.022916666666667 0.023148148148148
19 0.54661458333333 0.72453703703704 0.0171875 0.017592592592593
19 0.33880208333333 0.31203703703704 0.0515625 0.059259259259259
19 0.59739583333333 0.72222222222222 0.0125 0.012962962962963
19 0.67083333333333 0.76527777777778 0.014583333333333 0.013888888888889
19 0.4921875 0.87731481481481 0.013541666666667 0.013888888888889
19 0.35911458333333 0.5375 0.0171875 0.017592592592593
19 0.640625 0.69166666666667 0.020833333333333 0.022222222222222
19 0.52604166666667 0.38518518518519 0.017708333333333 0.018518518518519
19 0.50833333333333 0.46666666666667 0.01875 0.02037037037037
19 0.41302083333333 0.68333333333333 0.013541666666667 0.012962962962963
19 0.534375 0.68935185185185 0.016666666666667 0.017592592592593
19 0.46901041666667 0.55185185185185 0.018229166666667 0.016666666666667
19 0.4421875 0.79444444444444 0.0125 0.012962962962963
19 0.42265625 0.55555555555556 0.0203125 0.02037037037037
19 0.51302083333333 0.75740740740741 0.01875 0.018518518518519
19 0.61848958333333 0.54861111111111 0.030729166666667 0.036111111111111
19 0.55 0.7287037037037 0.014583333333333 0.014814814814815
19 0.60703125 0.84444444444444 0.015104166666667 0.014814814814815
19 0.4828125 0.49861111111111 0.013541666666667 0.013888888888889
19 0.44791666666667 0.58842592592593 0.01875 0.019444444444444
19 0.35885416666667 0.6337962962963 0.016666666666667 0.017592592592593
19 0.5828125 0.48287037037037 0.013541666666667 0.013888888888889
19 0.54010416666667 0.51018518518519 0.021875 0.024074074074074
19 0.36119791666667 0.36898148148148 0.0296875 0.037962962962963
19 0.47291666666667 0.65138888888889 0.0125 0.013888888888889
19 0.596875 0.7537037037037 0.017708333333333 0.018518518518519
19 0.52161458333333 0.32638888888889 0.0171875 0.019444444444444
19 0.56067708333333 0.83703703703704 0.013020833333333 0.012962962962963
19 0.37890625 0.68055555555556 0.0140625 0.012962962962963
19 0.32526041666667 0.33888888888889 0.0234375 0.024074074074074
19 0.54661458333333 0.3962962962963 0.0140625 0.014814814814815
19 0.40625 0.92916666666667 0.014583333333333 0.015740740740741
19 0.58645833333333 0.63981481481481 0.013541666666667 0.014814814814815
19 0.45234375 0.48981481481481 0.033854166666667 0.051851851851852
19 0.47734375 0.59259259259259 0.016145833333333 0.016666666666667
19 0.37161458333333 0.69537037037037 0.0140625 0.014814814814815
19 0.56067708333333 0.48055555555556 0.015104166666667 0.014814814814815
19 0.409375 0.30648148148148 0.017708333333333 0.018518518518519
19 0.37994791666667 0.8712962962963 0.016145833333333 0.018518518518519
19 0.52916666666667 0.53611111111111 0.0125 0.012962962962963
19 0.41458333333333 0.525 0.015625 0.016666666666667
19 0.396875 0.65324074074074 0.0125 0.012037037037037
19 0.50520833333333 0.52083333333333 0.017708333333333 0.017592592592593
19 0.47291666666667 0.63472222222222 0.016666666666667 0.015740740740741
19 0.57916666666667 0.70416666666667 0.016666666666667 0.017592592592593
19 0.72942708333333 0.71296296296296 0.015104166666667 0.014814814814815
19 0.4515625 0.29166666666667 0.017708333333333 0.018518518518519
19 0.59322916666667 0.67731481481481 0.019791666666667 0.019444444444444
19 0.41171875 0.59953703703704 0.011979166666667 0.012037037037037
19 0.38645833333333 0.7412037037037 0.027083333333333 0.028703703703704
