19 0.24661458333333 0.53564814814815 0.069270833333333 0.084259259259259
19 0.4421875 0.92592592592593 0.070833333333333 0.11111111111111
6 0.88020833333333 0.73564814814815 0.09375 0.1212962962963
19 0.54010416666667 0.28703703703704 0.069791666666667 0.090740740740741
19 0.45520833333333 0.88796296296296 0.064583333333333 0.092592592592593
19 0.22265625 0.39398148148148 0.1078125 0.12685185185185
19 0.25677083333333 0.56435185185185 0.094791666666667 0.1212962962963
19 0.89635416666667 0.56759259259259 0.089583333333333 0.10185185185185
8 0.89817708333333 0.87546296296296 0.074479166666667 0.10092592592593
19 0.31328125 0.88009259259259 0.081770833333333 0.10833333333333
19 0.34947916666667 0.93194444444444 0.078125 0.10277777777778
19 0.39088541666667 0.8375 0.0734375 0.093518518518519