29 0.198828125 0.42152777777778 0.07421875 0.0875
8 0.3359375 0.71944444444444 0.0390625 0.038888888888889
8 0.29296875 0.79027777777778 0.071875 0.069444444444444
8 0.354296875 0.71458333333333 0.03359375 0.034722222222222
8 0.544921875 0.54027777777778 0.05234375 0.061111111111111
29 0.768359375 0.69583333333333 0.06640625 0.077777777777778
10 0.96484375 0.43888888888889 0.0546875 0.052777777777778
10 0.500390625 0.38194444444444 0.06015625 0.086111111111111
8 0.369140625 0.75625 0.10078125 0.10694444444444
29 0.3171875 0.54166666666667 0.0546875 0.066666666666667
8 0.409765625 0.5625 0.10234375 0.12222222222222
10 0.663671875 0.75416666666667 0.06484375 0.058333333333333
8 0.34453125 0.63194444444444 0.0609375 0.091666666666667
8 0.549609375 0.42361111111111 0.04609375 0.044444444444444
8 0.58671875 0.60972222222222 0.0609375 0.072222222222222
8 0.12734375 0.70486111111111 0.0234375 0.026388888888889
8 0.320703125 0.72708333333333 0.02578125 0.031944444444444
29 0.21953125 0.31666666666667 0.0390625 0.05
8 0.162890625 0.68958333333333 0.03671875 0.043055555555556
8 0.31796875 0.43333333333333 0.0640625 0.072222222222222
8 0.523828125 0.70208333333333 0.06484375 0.056944444444444
8 0.233984375 0.72986111111111 0.03671875 0.045833333333333
10 0.535546875 0.38194444444444 0.04140625 0.047222222222222