10 0.201953125 0.23611111111111 0.06015625 0.080555555555556
10 0.441796875 0.4625 0.06640625 0.072222222222222
10 0.36796875 0.65347222222222 0.0265625 0.029166666666667
10 0.662109375 0.92083333333333 0.02890625 0.030555555555556
10 0.312109375 0.17916666666667 0.05078125 0.061111111111111
10 0.49296875 0.43958333333333 0.053125 0.0625
10 0.58671875 0.49305555555556 0.0671875 0.075
10 0.68046875 0.56944444444444 0.234375 0.20833333333333
10 0.475 0.59930555555556 0.0640625 0.076388888888889
10 0.18828125 0.051388888888889 0.0953125 0.1
10 0.556640625 0.50555555555556 0.10078125 0.097222222222222
10 0.245703125 0.58541666666667 0.02578125 0.031944444444444
10 0.543359375 0.42152777777778 0.05078125 0.059722222222222
10 0.03828125 0.25069444444444 0.0671875 0.090277777777778
10 0.511328125 0.59930555555556 0.05703125 0.070833333333333
10 0.519140625 0.62986111111111 0.04296875 0.048611111111111
10 0.275390625 0.20069444444444 0.05234375 0.068055555555556
10 0.984375 0.67638888888889 0.025 0.033333333333333
10 0.566015625 0.38402777777778 0.05078125 0.056944444444444
10 0.5578125 0.3375 0.065625 0.077777777777778
10 0.5296875 0.51527777777778 0.071875 0.088888888888889
10 0.21015625 0.96597222222222 0.0375 0.043055555555556
10 0.418359375 0.52361111111111 0.08359375 0.10277777777778
10 0.4046875 0.44027777777778 0.0578125 0.066666666666667
10 0.57734375 0.42916666666667 0.0484375 0.055555555555556
10 0.080859375 0.97638888888889 0.03203125 0.038888888888889
10 0.8671875 0.32083333333333 0.2578125 0.42777777777778
10 0.707421875 0.57777777777778 0.03828125 0.044444444444444
10 0.744921875 0.53819444444444 0.02734375 0.031944444444444
10 0.4625 0.50416666666667 0.0515625 0.058333333333333
37 0.174609375 0.6625 0.29296875 0.42222222222222
10 0.3140625 0.64513888888889 0.034375 0.0375
10 0.816796875 0.60625 0.03046875 0.031944444444444
10 0.542578125 0.58194444444444 0.05078125 0.058333333333333
10 0.04921875 0.020138888888889 0.065625 0.040277777777778
10 0.78125 0.69930555555556 0.028125 0.031944444444444
10 0.80078125 0.56388888888889 0.040625 0.041666666666667
10 0.21484375 0.90902777777778 0.0828125 0.0875
10 0.791796875 0.65277777777778 0.02578125 0.027777777777778
10 0.2515625 0.025694444444444 0.071875 0.051388888888889
10 0.44140625 0.25 0.303125 0.475
10 0.6890625 0.78680555555556 0.021875 0.026388888888889
10 0.771484375 0.66180555555556 0.01953125 0.020833333333333
10 0.241796875 0.11180555555556 0.07890625 0.093055555555556
10 0.377734375 0.47638888888889 0.05078125 0.061111111111111
