10 0.48958333333333 0.58101851851852 0.040625 0.060185185185185
10 0.54921875 0.67175925925926 0.028645833333333 0.041666666666667
10 0.81875 0.80416666666667 0.042708333333333 0.062037037037037
10 0.37265625 0.75231481481481 0.028645833333333 0.041666666666667
10 0.68932291666667 0.44490740740741 0.0328125 0.043518518518519
10 0.60364583333333 0.5162037037037 0.052083333333333 0.084259259259259
10 0.75130208333333 0.32037037037037 0.033854166666667 0.05
10 0.43932291666667 0.74814814814815 0.030729166666667 0.040740740740741
10 0.89921875 0.78703703703704 0.0546875 0.083333333333333
10 0.79453125 0.2962962962963 0.030729166666667 0.042592592592593
10 0.2421875 0.50231481481481 0.030208333333333 0.041666666666667
10 0.57838541666667 0.97777777777778 0.043229166666667 0.046296296296296
10 0.778125 0.31064814814815 0.051041666666667 0.050925925925926
10 0.66354166666667 0.74722222222222 0.03125 0.042592592592593