6 0.38776041666667 0.175 0.0328125 0.044444444444444
6 0.18567708333333 0.020833333333333 0.024479166666667 0.030555555555556
6 0.36015625 0.15231481481481 0.0234375 0.034259259259259
6 0.1265625 0.15555555555556 0.023958333333333 0.035185185185185
6 0.36770833333333 0.051851851851852 0.046875 0.062962962962963
6 0.080208333333333 0.045833333333333 0.030208333333333 0.039814814814815
10 0.80651041666667 0.60509259259259 0.0390625 0.047222222222222
6 0.45598958333333 0.2337962962963 0.0265625 0.041666666666667
6 0.26484375 0.2162037037037 0.0296875 0.043518518518519
6 0.2640625 0.14768518518519 0.023958333333333 0.032407407407407
6 0.60104166666667 0.26527777777778 0.026041666666667 0.037962962962963
6 0.15234375 0.17777777777778 0.027604166666667 0.037037037037037
6 0.099479166666667 0.031944444444444 0.021875 0.030555555555556
6 0.57734375 0.40277777777778 0.033854166666667 0.05
6 0.35364583333333 0.35324074074074 0.026041666666667 0.037962962962963
10 0.73333333333333 0.4787037037037 0.025 0.035185185185185
6 0.22890625 0.11296296296296 0.031770833333333 0.042592592592593
6 0.36171875 0.2125 0.0234375 0.032407407407407
6 0.08671875 0.22407407407407 0.028645833333333 0.038888888888889
6 0.17708333333333 0.083796296296296 0.023958333333333 0.039814814814815
6 0.54192708333333 0.34166666666667 0.027604166666667 0.038888888888889
6 0.49322916666667 0.28796296296296 0.022916666666667 0.033333333333333
6 0.15078125 0.022222222222222 0.036979166666667 0.044444444444444
6 0.240625 0.035185185185185 0.022916666666667 0.02962962962963
6 0.21041666666667 0.20462962962963 0.023958333333333 0.033333333333333
6 0.25416666666667 0.31805555555556 0.036458333333333 0.058333333333333
6 0.03359375 0.082407407407407 0.028645833333333 0.037037037037037
6 0.19947916666667 0.16111111111111 0.025 0.035185185185185
6 0.079947916666667 0.015740740740741 0.027604166666667 0.031481481481481
6 0.32447916666667 0.15555555555556 0.023958333333333 0.033333333333333
6 0.24036458333333 0.22962962962963 0.022395833333333 0.035185185185185
6 0.25390625 0.17777777777778 0.031770833333333 0.046296296296296
6 0.40026041666667 0.1837962962963 0.0265625 0.039814814814815
6 0.5140625 0.36574074074074 0.034375 0.046296296296296
6 0.24557291666667 0.069907407407407 0.030729166666667 0.037962962962963
6 0.72890625 0.42546296296296 0.024479166666667 0.036111111111111
6 0.51875 0.39953703703704 0.021875 0.032407407407407
10 0.21223958333333 0.36064814814815 0.033854166666667 0.058333333333333
6 0.13697916666667 0.095833333333333 0.032291666666667 0.043518518518519
6 0.48932291666667 0.23472222222222 0.027604166666667 0.039814814814815
6 0.16640625 0.20277777777778 0.025520833333333 0.037037037037037
6 0.45286458333333 0.36481481481481 0.025520833333333 0.035185185185185
6 0.079166666666667 0.27361111111111 0.027083333333333 0.037962962962963
6 0.16067708333333 0.18981481481481 0.030729166666667 0.042592592592593
10 0.60052083333333 0.4087962962963 0.052083333333333 0.075
6 0.45104166666667 0.20740740740741 0.022916666666667 0.033333333333333
6 0.40729166666667 0.21157407407407 0.026041666666667 0.036111111111111
6 0.32473958333333 0.054166666666667 0.022395833333333 0.030555555555556
6 0.34140625 0.068981481481481 0.021354166666667 0.030555555555556
6 0.30208333333333 0.081018518518519 0.022916666666667 0.030555555555556
6 0.62265625 0.52638888888889 0.0265625 0.036111111111111
6 0.37265625 0.20416666666667 0.0265625 0.036111111111111
6 0.26901041666667 0.425 0.024479166666667 0.038888888888889
6 0.00859375 0.11388888888889 0.0171875 0.040740740740741
6 0.34244791666667 0.19537037037037 0.024479166666667 0.035185185185185
6 0.12942708333333 0.23796296296296 0.0296875 0.042592592592593
6 0.19869791666667 0.23657407407407 0.028645833333333 0.039814814814815
6 0.24895833333333 0.26851851851852 0.023958333333333 0.037037037037037
6 0.22265625 0.05 0.025520833333333 0.035185185185185
6 0.30911458333333 0.23194444444444 0.024479166666667 0.039814814814815
6 0.22708333333333 0.17222222222222 0.022916666666667 0.033333333333333
6 0.01328125 0.050925925925926 0.025520833333333 0.037037037037037
6 0.0875 0.097685185185185 0.042708333333333 0.062037037037037
6 0.278125 0.084259259259259 0.027083333333333 0.037037037037037
6 0.3921875 0.15694444444444 0.025 0.037962962962963
6 0.23255208333333 0.13148148148148 0.0265625 0.038888888888889
6 0.32578125 0.081018518518519 0.025520833333333 0.036111111111111
6 0.51822916666667 0.33240740740741 0.023958333333333 0.031481481481481
6 0.25651041666667 0.067592592592593 0.025520833333333 0.033333333333333
6 0.47109375 0.21203703703704 0.0234375 0.033333333333333
6 0.85677083333333 0.44444444444444 0.032291666666667 0.042592592592593
6 0.30182291666667 0.18333333333333 0.022395833333333 0.033333333333333