6 0.11848958333333 0.019907407407407 0.0390625 0.039814814814815
6 0.23203125 0.44490740740741 0.031770833333333 0.047222222222222
6 0.24036458333333 0.030092592592593 0.027604166666667 0.043518518518519
10 0.59739583333333 0.69953703703704 0.036458333333333 0.05462962962963
6 0.45052083333333 0.11990740740741 0.028125 0.039814814814815
6 0.35 0.21851851851852 0.03125 0.042592592592593
6 0.50052083333333 0.26203703703704 0.03125 0.046296296296296
6 0.3203125 0.3662037037037 0.03125 0.04537037037037
6 0.48359375 0.065740740740741 0.030729166666667 0.042592592592593
6 0.36614583333333 0.073611111111111 0.035416666666667 0.050925925925926
6 0.61328125 0.60324074074074 0.0296875 0.039814814814815
6 0.38463541666667 0.11527777777778 0.034895833333333 0.049074074074074
10 0.6484375 0.041203703703704 0.036458333333333 0.047222222222222
6 0.18046875 0.27824074074074 0.027604166666667 0.043518518518519
6 0.22552083333333 0.17314814814815 0.030208333333333 0.042592592592593
6 0.47447916666667 0.0375 0.032291666666667 0.043518518518519
6 0.49114583333333 0.16064814814815 0.047916666666667 0.056481481481481
6 0.55651041666667 0.29768518518519 0.0296875 0.041666666666667
6 0.29427083333333 0.26388888888889 0.030208333333333 0.042592592592593
6 0.39453125 0.16481481481481 0.031770833333333 0.044444444444444
6 0.14895833333333 0.3412037037037 0.033333333333333 0.047222222222222
6 0.15494791666667 0.0097222222222222 0.0296875 0.019444444444444
6 0.55807291666667 0.38009259259259 0.027604166666667 0.037962962962963
6 0.396875 0.27037037037037 0.028125 0.040740740740741
6 0.51171875 0.4587962962963 0.033854166666667 0.043518518518519
10 0.68151041666667 0.58240740740741 0.036979166666667 0.05
6 0.32552083333333 0.20138888888889 0.029166666666667 0.041666666666667
10 0.18723958333333 0.75601851851852 0.030729166666667 0.049074074074074
6 0.5546875 0.2212962962963 0.028125 0.040740740740741
6 0.59557291666667 0.42361111111111 0.030729166666667 0.039814814814815
10 0.77630208333333 0.79212962962963 0.027604166666667 0.034259259259259
6 0.625 0.3712962962963 0.030208333333333 0.042592592592593
6 0.52864583333333 0.21805555555556 0.028125 0.039814814814815
6 0.403125 0.11342592592593 0.03125 0.041666666666667
10 0.59869791666667 0.47685185185185 0.0421875 0.068518518518519
6 0.35338541666667 0.49907407407407 0.0296875 0.042592592592593
6 0.35130208333333 0.26481481481481 0.0484375 0.062962962962963
6 0.23151041666667 0.20833333333333 0.030729166666667 0.044444444444444
6 0.48411458333333 0.23333333333333 0.038020833333333 0.051851851851852
6 0.06484375 0.41435185185185 0.031770833333333 0.049074074074074
6 0.42135416666667 0.068055555555556 0.038541666666667 0.05462962962963
6 0.36197916666667 0.3087962962963 0.027083333333333 0.037962962962963
6 0.41901041666667 0.017592592592593 0.024479166666667 0.02962962962963
6 0.56822916666667 0.15046296296296 0.030208333333333 0.043518518518519
6 0.3375 0.13935185185185 0.040625 0.056481481481481
6 0.30104166666667 0.22222222222222 0.030208333333333 0.046296296296296
10 0.55234375 0.62592592592593 0.0546875 0.07037037037037
6 0.25364583333333 0.16990740740741 0.027083333333333 0.037962962962963
6 0.23177083333333 0.33009259259259 0.038541666666667 0.052777777777778
6 0.11744791666667 0.28981481481481 0.0484375 0.064814814814815
6 0.37838541666667 0.14583333333333 0.0234375 0.034259259259259
10 0.4234375 0.69259259259259 0.033333333333333 0.048148148148148
6 0.34036458333333 0.40416666666667 0.0328125 0.047222222222222
6 0.38776041666667 0.35648148148148 0.034895833333333 0.05
6 0.33958333333333 0.050462962962963 0.03125 0.049074074074074
10 0.70364583333333 0.68240740740741 0.072916666666667 0.083333333333333
6 0.065104166666667 0.32314814814815 0.033333333333333 0.048148148148148
6 0.60885416666667 0.3337962962963 0.029166666666667 0.039814814814815
10 0.75677083333333 0.89814814814815 0.034375 0.042592592592593
6 0.68411458333333 0.45509259259259 0.028645833333333 0.041666666666667
6 0.1984375 0.21851851851852 0.03125 0.048148148148148
10 0.84739583333333 0.81574074074074 0.041666666666667 0.051851851851852
6 0.22864583333333 0.2625 0.030208333333333 0.04537037037037
6 0.43958333333333 0.027314814814815 0.028125 0.037962962962963
10 0.66953125 0.68611111111111 0.038020833333333 0.05
6 0.57265625 0.34166666666667 0.0296875 0.040740740740741
6 0.51692708333333 0.010648148148148 0.0328125 0.021296296296296
10 0.23411458333333 0.59537037037037 0.056770833333333 0.098148148148148
6 0.58619791666667 0.57175925925926 0.025520833333333 0.037962962962963
6 0.59192708333333 0.38657407407407 0.0296875 0.041666666666667
10 0.60625 0.86851851851852 0.030208333333333 0.038888888888889
6 0.42473958333333 0.15925925925926 0.036979166666667 0.053703703703704
10 0.18333333333333 0.66898148148148 0.030208333333333 0.04537037037037
6 0.340625 0.070833333333333 0.036458333333333 0.058333333333333
6 0.46354166666667 0.14583333333333 0.034375 0.049074074074074
6 0.28046875 0.14398148148148 0.043229166666667 0.063888888888889
6 0.057291666666667 0.026388888888889 0.030208333333333 0.043518518518519
6 0.45338541666667 0.32268518518519 0.049479166666667 0.062037037037037
6 0.49973958333333 0.27546296296296 0.046354166666667 0.065740740740741
6 0.65234375 0.38101851851852 0.025520833333333 0.037962962962963