8 0.57135416666667 0.12916666666667 0.086458333333333 0.11388888888889
19 0.27317708333333 0.20462962962963 0.058854166666667 0.061111111111111
19 0.31067708333333 0.37731481481481 0.041145833333333 0.049074074074074
19 0.21145833333333 0.4625 0.05625 0.067592592592593
19 0.36015625 0.23981481481481 0.050520833333333 0.053703703703704
19 0.56692708333333 0.76990740740741 0.041145833333333 0.04537037037037
19 0.38046875 0.13009259259259 0.043229166666667 0.056481481481481
19 0.59375 0.73796296296296 0.041666666666667 0.046296296296296
19 0.21458333333333 0.34027777777778 0.064583333333333 0.069444444444444
19 0.6265625 0.82083333333333 0.038541666666667 0.056481481481481
19 0.22708333333333 0.41111111111111 0.040625 0.046296296296296
19 0.15390625 0.4087962962963 0.0453125 0.065740740740741