10 0.57890625 0.25763888888889 0.0234375 0.029166666666667
6 0.59140625 0.48819444444444 0.03125 0.034722222222222
6 0.58984375 0.59166666666667 0.0203125 0.022222222222222
6 0.572265625 0.66111111111111 0.03515625 0.044444444444444
6 0.55703125 0.46875 0.0296875 0.034722222222222
6 0.59609375 0.58680555555556 0.025 0.026388888888889
6 0.55703125 0.57291666666667 0.0234375 0.026388888888889
6 0.58203125 0.82986111111111 0.0265625 0.031944444444444
6 0.54453125 0.43888888888889 0.025 0.027777777777778
6 0.534765625 0.64583333333333 0.02578125 0.030555555555556
6 0.604296875 0.85138888888889 0.02890625 0.033333333333333
6 0.541796875 0.60347222222222 0.02890625 0.031944444444444
6 0.601953125 0.58263888888889 0.02109375 0.023611111111111
6 0.6140625 0.72083333333333 0.03125 0.033333333333333
10 0.565234375 0.33819444444444 0.02265625 0.026388888888889
6 0.546875 0.55208333333333 0.021875 0.026388888888889
10 0.619140625 0.82152777777778 0.03203125 0.0375
6 0.56484375 0.53472222222222 0.0328125 0.033333333333333
