32 0.83489583333333 0.9212962962963 0.0875 0.15185185185185
10 0.59375 0.039814814814815 0.11979166666667 0.07037037037037
32 0.4109375 0.65462962962963 0.079166666666667 0.1
32 0.16328125 0.73472222222222 0.12760416666667 0.11018518518519
32 0.74479166666667 0.16759259259259 0.044791666666667 0.085185185185185
32 0.97578125 0.19675925925926 0.044270833333333 0.080555555555556
19 0.24375 0.54953703703704 0.10416666666667 0.13055555555556
32 0.58333333333333 0.28611111111111 0.13229166666667 0.33333333333333
32 0.5046875 0.61574074074074 0.06875 0.094444444444444
32 0.7546875 0.40092592592593 0.1375 0.17407407407407
10 0.64322916666667 0.040740740740741 0.064583333333333 0.075925925925926
32 0.31536458333333 0.61203703703704 0.096354166666667 0.11481481481481
32 0.95234375 0.20694444444444 0.053645833333333 0.080555555555556
10 0.84427083333333 0.65740740740741 0.039583333333333 0.087037037037037
19 0.41276041666667 0.78703703703704 0.11927083333333 0.11851851851852
32 0.65416666666667 0.13009259259259 0.051041666666667 0.05462962962963
32 0.3671875 0.68472222222222 0.065625 0.080555555555556
32 0.52916666666667 0.80277777777778 0.067708333333333 0.096296296296296
32 0.95130208333333 0.34722222222222 0.0828125 0.10740740740741
32 0.440625 0.5087962962963 0.066666666666667 0.084259259259259
32 0.93125 0.80648148148148 0.13020833333333 0.11851851851852
32 0.1234375 0.42268518518519 0.067708333333333 0.075
32 0.5984375 0.9537037037037 0.10625 0.090740740740741
32 0.80078125 0.22962962962963 0.046354166666667 0.068518518518519
32 0.465625 0.32314814814815 0.096875 0.22592592592593
32 0.13020833333333 0.076851851851852 0.24479166666667 0.14814814814815
32 0.65885416666667 0.65555555555556 0.22083333333333 0.37962962962963
32 0.90833333333333 0.72268518518519 0.064583333333333 0.086111111111111
32 0.81770833333333 0.056481481481481 0.0625 0.085185185185185
32 0.13776041666667 0.64583333333333 0.058854166666667 0.071296296296296
32 0.81015625 0.67777777777778 0.075520833333333 0.10925925925926
32 0.32317708333333 0.13611111111111 0.043229166666667 0.07962962962963
32 0.97265625 0.34212962962963 0.0546875 0.082407407407407
32 0.90963541666667 0.35601851851852 0.094270833333333 0.13055555555556
