8 0.89296875 0.046296296296296 0.10677083333333 0.092592592592593
10 0.53541666666667 0.63425925925926 0.13645833333333 0.23333333333333
8 0.59739583333333 0.1587962962963 0.080208333333333 0.125
8 0.84791666666667 0.31990740740741 0.094791666666667 0.14537037037037
8 0.68385416666667 0.035185185185185 0.10625 0.07037037037037
8 0.184375 0.7375 0.11458333333333 0.13796296296296
10 0.64609375 0.78703703703704 0.19322916666667 0.24259259259259
8 0.70911458333333 0.20555555555556 0.13489583333333 0.21851851851852
10 0.53255208333333 0.7 0.094270833333333 0.12962962962963
8 0.225 0.20462962962963 0.11666666666667 0.15185185185185
10 0.24270833333333 0.97638888888889 0.067708333333333 0.04537037037037
8 0.81666666666667 0.090277777777778 0.10208333333333 0.14722222222222
10 0.83151041666667 0.43796296296296 0.0921875 0.13518518518519
8 0.050520833333333 0.51527777777778 0.098958333333333 0.16759259259259