10 0.692578125 0.39652777777778 0.26171875 0.40972222222222
6 0.712109375 0.25694444444444 0.05859375 0.075
6 0.68984375 0.70763888888889 0.0359375 0.043055555555556
10 0.815234375 0.22986111111111 0.26953125 0.45694444444444
6 0.83046875 0.52222222222222 0.04375 0.052777777777778
6 0.811328125 0.57152777777778 0.05078125 0.0625
10 0.35546875 0.55416666666667 0.240625 0.78333333333333
6 0.747265625 0.70833333333333 0.04921875 0.058333333333333
6 0.72421875 0.63125 0.0375 0.045833333333333
6 0.62421875 0.35347222222222 0.040625 0.051388888888889
6 0.65546875 0.52708333333333 0.040625 0.054166666666667
6 0.851171875 0.59027777777778 0.04140625 0.05
6 0.6 0.37777777777778 0.0375 0.047222222222222
6 0.847265625 0.49583333333333 0.03984375 0.047222222222222
6 0.651953125 0.25486111111111 0.04921875 0.056944444444444
6 0.769921875 0.58125 0.04609375 0.059722222222222