10 0.21328125 0.69583333333333 0.034895833333333 0.041666666666667
10 0.8328125 0.50555555555556 0.038541666666667 0.046296296296296
10 0.74140625 0.062037037037037 0.0453125 0.064814814814815
10 0.57369791666667 0.24814814814815 0.036979166666667 0.048148148148148
10 0.77213541666667 0.79027777777778 0.0953125 0.1212962962963
10 0.5703125 0.034259259259259 0.044791666666667 0.062962962962963
10 0.70390625 0.26435185185185 0.0390625 0.049074074074074
10 0.22057291666667 0.80509259259259 0.033854166666667 0.041666666666667
10 0.27526041666667 0.27222222222222 0.0640625 0.083333333333333
10 0.78932291666667 0.58240740740741 0.036979166666667 0.044444444444444
10 0.32005208333333 0.16388888888889 0.034895833333333 0.055555555555556
10 0.96041666666667 0.97685185185185 0.041666666666667 0.044444444444444
10 0.11875 0.68703703703704 0.035416666666667 0.042592592592593
10 0.415625 0.17777777777778 0.0875 0.14074074074074
10 0.075520833333333 0.44444444444444 0.033333333333333 0.048148148148148
10 0.76875 0.7712962962963 0.055208333333333 0.075925925925926
10 0.2265625 0.39444444444444 0.03125 0.046296296296296
10 0.026822916666667 0.87268518518519 0.034895833333333 0.04537037037037
10 0.73125 0.44583333333333 0.030208333333333 0.036111111111111
10 0.89817708333333 0.74305555555556 0.034895833333333 0.043518518518519
10 0.85442708333333 0.77222222222222 0.0328125 0.040740740740741
10 0.14869791666667 0.76435185185185 0.071354166666667 0.09537037037037
10 0.081770833333333 0.93703703703704 0.079166666666667 0.10925925925926
10 0.66536458333333 0.35601851851852 0.0359375 0.047222222222222
6 0.090104166666667 0.0875 0.035416666666667 0.05462962962963
10 0.73541666666667 0.62037037037037 0.048958333333333 0.061111111111111
10 0.79947916666667 0.30185185185185 0.036458333333333 0.044444444444444
10 0.63072916666667 0.25324074074074 0.038541666666667 0.052777777777778
10 0.19791666666667 0.34814814814815 0.034375 0.05
10 0.51015625 0.32222222222222 0.10260416666667 0.12222222222222
10 0.37916666666667 0.52638888888889 0.055208333333333 0.065740740740741
10 0.39140625 0.045833333333333 0.0796875 0.091666666666667
10 0.6578125 0.14537037037037 0.055208333333333 0.074074074074074
10 0.29609375 0.46111111111111 0.0703125 0.094444444444444
10 0.72708333333333 0.3412037037037 0.036458333333333 0.047222222222222
10 0.73359375 0.53518518518519 0.0296875 0.033333333333333
10 0.12578125 0.50925925925926 0.038020833333333 0.048148148148148
10 0.38489583333333 0.31342592592593 0.036458333333333 0.050925925925926
10 0.6875 0.5787037037037 0.0375 0.042592592592593
10 0.11484375 0.51898148148148 0.0703125 0.087962962962963
10 0.59869791666667 0.18425925925926 0.0609375 0.068518518518519
10 0.44140625 0.77453703703704 0.031770833333333 0.036111111111111
10 0.81432291666667 0.33981481481481 0.12447916666667 0.16666666666667
10 0.37161458333333 0.063425925925926 0.040104166666667 0.065740740740741
10 0.35052083333333 0.51527777777778 0.039583333333333 0.049074074074074
10 0.25104166666667 0.5962962962963 0.032291666666667 0.042592592592593
10 0.67630208333333 0.41296296296296 0.072395833333333 0.081481481481481
10 0.19661458333333 0.27824074074074 0.0390625 0.056481481481481
10 0.39348958333333 0.6837962962963 0.13489583333333 0.17314814814815
6 0.46848958333333 0.020833333333333 0.040104166666667 0.041666666666667
10 0.37005208333333 0.53009259259259 0.0859375 0.09537037037037
10 0.39661458333333 0.73009259259259 0.047395833333333 0.050925925925926
10 0.28489583333333 0.7787037037037 0.05625 0.066666666666667
10 0.55807291666667 0.12824074074074 0.030729166666667 0.041666666666667
10 0.41510416666667 0.11944444444444 0.040625 0.061111111111111
10 0.062760416666667 0.58611111111111 0.040104166666667 0.053703703703704
10 0.36588541666667 0.36064814814815 0.077604166666667 0.1287037037037
10 0.35520833333333 0.60972222222222 0.035416666666667 0.041666666666667
10 0.38203125 0.89490740740741 0.041145833333333 0.050925925925926
6 0.02734375 0.030555555555556 0.0421875 0.059259259259259
10 0.77447916666667 0.23148148148148 0.036458333333333 0.048148148148148
10 0.640625 0.022685185185185 0.047916666666667 0.04537037037037
10 0.60286458333333 0.85138888888889 0.13802083333333 0.17314814814815
10 0.36484375 0.24583333333333 0.034895833333333 0.050925925925926
10 0.55963541666667 0.56435185185185 0.044270833333333 0.047222222222222
10 0.76692708333333 0.75925925925926 0.034895833333333 0.046296296296296
10 0.82734375 0.44027777777778 0.046354166666667 0.050925925925926
10 0.083333333333333 0.94675925925926 0.054166666666667 0.071296296296296
10 0.12682291666667 0.20092592592593 0.10572916666667 0.15185185185185
10 0.10520833333333 0.5287037037037 0.109375 0.14074074074074
10 0.89270833333333 0.83888888888889 0.055208333333333 0.064814814814815
10 0.62447916666667 0.38148148148148 0.053125 0.072222222222222
10 0.59036458333333 0.32685185185185 0.0359375 0.044444444444444