10 0.53697916666667 0.3462962962963 0.025 0.033333333333333
10 0.809375 0.16203703703704 0.0375 0.064814814814815
6 0.56119791666667 0.81805555555556 0.0296875 0.039814814814815
6 0.63645833333333 0.9537037037037 0.028125 0.038888888888889
10 0.55 0.18101851851852 0.026041666666667 0.037962962962963
6 0.61953125 0.92731481481481 0.027604166666667 0.037962962962963
10 0.11380208333333 0.79907407407407 0.024479166666667 0.037037037037037
10 0.5375 0.76388888888889 0.03125 0.040740740740741
51 0.71927083333333 0.7837962962963 0.055208333333333 0.080555555555556
51 0.87161458333333 0.61064814814815 0.0828125 0.18425925925926
6 0.48515625 0.81388888888889 0.0265625 0.033333333333333
6 0.57213541666667 0.94583333333333 0.034895833333333 0.043518518518519
10 0.68723958333333 0.22962962962963 0.036979166666667 0.042592592592593
10 0.52109375 0.90324074074074 0.036979166666667 0.049074074074074
10 0.07890625 0.6875 0.027604166666667 0.050925925925926
10 0.4734375 0.72592592592593 0.036458333333333 0.051851851851852
10 0.47135416666667 0.76851851851852 0.035416666666667 0.048148148148148
10 0.60052083333333 0.56111111111111 0.026041666666667 0.037037037037037
10 0.76276041666667 0.2837962962963 0.038020833333333 0.060185185185185
6 0.38333333333333 0.88055555555556 0.044791666666667 0.061111111111111
10 0.56979166666667 0.66018518518519 0.052083333333333 0.064814814814815
6 0.58463541666667 0.8712962962963 0.0296875 0.044444444444444
51 0.48854166666667 0.65231481481481 0.084375 0.125
10 0.55026041666667 0.26064814814815 0.031770833333333 0.047222222222222
10 0.071354166666667 0.69861111111111 0.023958333333333 0.034259259259259
6 0.65078125 0.98564814814815 0.031770833333333 0.030555555555556
10 0.64869791666667 0.46851851851852 0.0484375 0.068518518518519
51 0.45885416666667 0.49675925925926 0.029166666666667 0.04537037037037
10 0.55494791666667 0.3912037037037 0.0296875 0.039814814814815
10 0.72395833333333 0.25138888888889 0.053125 0.067592592592593
10 0.1234375 0.59444444444444 0.023958333333333 0.033333333333333
10 0.49609375 0.056944444444444 0.0390625 0.060185185185185
10 0.62161458333333 0.18657407407407 0.081770833333333 0.13425925925926
6 0.50703125 0.8 0.030729166666667 0.040740740740741
10 0.55130208333333 0.5462962962963 0.028645833333333 0.038888888888889
10 0.2734375 0.75740740740741 0.023958333333333 0.035185185185185
6 0.39140625 0.9162037037037 0.033854166666667 0.043518518518519
10 0.60182291666667 0.47175925925926 0.0265625 0.036111111111111
10 0.51796875 0.32222222222222 0.0359375 0.05
6 0.59036458333333 0.95092592592593 0.0296875 0.040740740740741
10 0.72578125 0.73564814814815 0.033854166666667 0.047222222222222
6 0.5203125 0.73842592592593 0.029166666666667 0.039814814814815
10 0.085677083333333 0.67222222222222 0.0234375 0.031481481481481
10 0.1625 0.75972222222222 0.028125 0.037962962962963
10 0.98802083333333 0.065277777777778 0.025 0.10277777777778
10 0.35 0.90138888888889 0.027083333333333 0.036111111111111
10 0.47708333333333 0.57916666666667 0.035416666666667 0.052777777777778
