32 0.408203125 0.56111111111111 0.09296875 0.11388888888889
32 0.233984375 0.72916666666667 0.03359375 0.044444444444444
10 0.499609375 0.38333333333333 0.04921875 0.080555555555556
32 0.173046875 0.63541666666667 0.03046875 0.045833333333333
32 0.31875 0.43333333333333 0.0609375 0.069444444444444
32 0.6640625 0.75416666666667 0.0578125 0.052777777777778
32 0.549609375 0.42361111111111 0.04296875 0.038888888888889
32 0.54453125 0.53888888888889 0.0453125 0.058333333333333
32 0.3546875 0.71527777777778 0.0296875 0.033333333333333
32 0.36953125 0.75694444444444 0.0921875 0.10277777777778
32 0.3453125 0.63194444444444 0.053125 0.083333333333333
32 0.965625 0.43958333333333 0.053125 0.048611111111111
32 0.162109375 0.68958333333333 0.03515625 0.048611111111111
32 0.32109375 0.72638888888889 0.0234375 0.033333333333333
32 0.58671875 0.61041666666667 0.0546875 0.070833333333333
10 0.2 0.42222222222222 0.06875 0.080555555555556
32 0.5359375 0.38194444444444 0.03125 0.041666666666667
32 0.5234375 0.70208333333333 0.0625 0.056944444444444
32 0.126953125 0.70486111111111 0.02265625 0.026388888888889
32 0.317578125 0.54097222222222 0.05078125 0.065277777777778
32 0.767578125 0.69513888888889 0.05859375 0.076388888888889
