6 0.6375 0.26041666666667 0.0421875 0.054166666666667
10 0.658984375 0.54791666666667 0.18359375 0.29583333333333
6 0.7546875 0.29375 0.0390625 0.056944444444444
6 0.818359375 0.39722222222222 0.03671875 0.05
6 0.856640625 0.46180555555556 0.04453125 0.0625
10 0.805078125 0.22847222222222 0.27734375 0.45138888888889
10 0.368359375 0.48680555555556 0.23359375 0.76527777777778
6 0.65078125 0.39513888888889 0.053125 0.0625
6 0.723046875 0.53680555555556 0.03671875 0.051388888888889
10 0.68671875 0.2875 0.065625 0.083333333333333
