29 0.39453125 0.575 0.125 0.15
29 0.540625 0.69444444444444 0.053125 0.061111111111111
8 0.341796875 0.72430555555556 0.07734375 0.098611111111111
29 0.332421875 0.56458333333333 0.05234375 0.079166666666667
29 0.349609375 0.50416666666667 0.05546875 0.061111111111111
29 0.2046875 0.68402777777778 0.05625 0.070833333333333
29 0.732421875 0.69652777777778 0.05703125 0.079166666666667
29 0.23359375 0.44791666666667 0.0578125 0.081944444444444
10 0.6296875 0.79305555555556 0.0609375 0.052777777777778
29 0.492578125 0.39097222222222 0.07109375 0.081944444444444
29 0.3859375 0.74930555555556 0.06875 0.070833333333333
29 0.579296875 0.64583333333333 0.04765625 0.063888888888889
