10 0.131640625 0.064583333333333 0.09609375 0.12916666666667
10 0.783203125 0.10069444444444 0.06328125 0.084722222222222
10 0.674609375 0.45694444444444 0.23046875 0.29722222222222
10 0.604296875 0.75486111111111 0.05390625 0.084722222222222
10 0.172265625 0.29930555555556 0.09609375 0.14861111111111
10 0.41328125 0.29375 0.0859375 0.12083333333333
10 0.70703125 0.038888888888889 0.0828125 0.075
41 0.0234375 0.75555555555556 0.046875 0.17222222222222
10 0.759765625 0.33125 0.06484375 0.090277777777778
10 0.64296875 0.14583333333333 0.1203125 0.16111111111111
10 0.728515625 0.21388888888889 0.07421875 0.10833333333333
10 0.611328125 0.79166666666667 0.08671875 0.175
10 0.6609375 0.12708333333333 0.0734375 0.11805555555556
10 0.398046875 0.11527777777778 0.08984375 0.13055555555556
10 0.363671875 0.90277777777778 0.07109375 0.10277777777778
10 0.618359375 0.83263888888889 0.06640625 0.11527777777778
10 0.87578125 0.25347222222222 0.0609375 0.090277777777778
10 0.890234375 0.10208333333333 0.06171875 0.0875
10 0.649609375 0.26111111111111 0.07734375 0.10277777777778
10 0.665625 0.69722222222222 0.071875 0.10555555555556
10 0.716796875 0.66388888888889 0.08671875 0.12222222222222
10 0.4609375 0.89930555555556 0.125 0.17638888888889
