10 0.28802083333333 0.46018518518519 0.076041666666667 0.098148148148148
10 0.53307291666667 0.37962962962963 0.0234375 0.025925925925926
10 0.46822916666667 0.4287037037037 0.030208333333333 0.038888888888889
10 0.28046875 0.64305555555556 0.016145833333333 0.021296296296296
10 0.56796875 0.24444444444444 0.027604166666667 0.031481481481481
43 0.5703125 0.022222222222222 0.0125 0.014814814814815
10 0.50572916666667 0.41805555555556 0.044791666666667 0.069444444444444
10 0.38723958333333 0.61527777777778 0.0234375 0.030555555555556
10 0.34557291666667 0.60740740740741 0.030729166666667 0.040740740740741
43 0.578125 0.081481481481481 0.013541666666667 0.016666666666667
10 0.18854166666667 0.50509259259259 0.017708333333333 0.023148148148148
10 0.58333333333333 0.27638888888889 0.014583333333333 0.019444444444444
10 0.4984375 0.42453703703704 0.072916666666667 0.09537037037037
10 0.10416666666667 0.66990740740741 0.013541666666667 0.017592592592593
10 0.14479166666667 0.63333333333333 0.026041666666667 0.035185185185185
10 0.1546875 0.63796296296296 0.054166666666667 0.062962962962963
10 0.16927083333333 0.5787037037037 0.0125 0.016666666666667
10 0.42942708333333 0.51018518518519 0.018229166666667 0.024074074074074