10 0.39505208333333 0.22916666666667 0.034895833333333 0.049074074074074
10 0.47708333333333 0.32037037037037 0.036458333333333 0.048148148148148
10 0.27161458333333 0.27685185185185 0.0578125 0.07962962962963
10 0.19635416666667 0.28055555555556 0.0375 0.057407407407407
10 0.3671875 0.071759259259259 0.0375 0.060185185185185
10 0.38385416666667 0.88333333333333 0.038541666666667 0.044444444444444
10 0.128125 0.21296296296296 0.094791666666667 0.15
10 0.71432291666667 0.49027777777778 0.13802083333333 0.16759259259259
10 0.41328125 0.17546296296296 0.075520833333333 0.11574074074074
10 0.38723958333333 0.32685185185185 0.0390625 0.051851851851852
10 0.440625 0.78472222222222 0.04375 0.050925925925926
6 0.56171875 0.034259259259259 0.0421875 0.061111111111111
10 0.76692708333333 0.23935185185185 0.034895833333333 0.047222222222222
10 0.32083333333333 0.16435185185185 0.0375 0.052777777777778
10 0.82109375 0.52175925925926 0.041145833333333 0.049074074074074
10 0.82161458333333 0.45462962962963 0.0390625 0.046296296296296
10 0.38958333333333 0.70740740740741 0.052083333333333 0.059259259259259
10 0.15286458333333 0.76481481481481 0.0578125 0.072222222222222
10 0.66536458333333 0.024074074074074 0.0484375 0.048148148148148
10 0.62421875 0.38287037037037 0.0578125 0.073148148148148
10 0.7796875 0.59259259259259 0.040625 0.046296296296296
10 0.88932291666667 0.84027777777778 0.046354166666667 0.05462962962963
6 0.033854166666667 0.039351851851852 0.036458333333333 0.05462962962963
10 0.10911458333333 0.51851851851852 0.075520833333333 0.098148148148148
10 0.16328125 0.42592592592593 0.038020833333333 0.055555555555556
10 0.59479166666667 0.19305555555556 0.058333333333333 0.069444444444444
10 0.71484375 0.027314814814815 0.038020833333333 0.04537037037037
10 0.66015625 0.35462962962963 0.036979166666667 0.048148148148148
10 0.36380208333333 0.24814814814815 0.033854166666667 0.05
6 0.40625 0.12314814814815 0.035416666666667 0.051851851851852
10 0.36328125 0.37546296296296 0.0609375 0.078703703703704
10 0.55625 0.57916666666667 0.092708333333333 0.11203703703704
6 0.1109375 0.025 0.034375 0.05
10 0.29375 0.46296296296296 0.067708333333333 0.094444444444444
10 0.73723958333333 0.066203703703704 0.038020833333333 0.05462962962963
10 0.95364583333333 0.97777777777778 0.041666666666667 0.042592592592593
6 0.39739583333333 0.039351851851852 0.054166666666667 0.076851851851852
10 0.2859375 0.75416666666667 0.053125 0.067592592592593
6 0.088541666666667 0.091666666666667 0.034375 0.053703703703704
10 0.22369791666667 0.40555555555556 0.034895833333333 0.055555555555556
10 0.57213541666667 0.26388888888889 0.034895833333333 0.05
10 0.080989583333333 0.93842592592593 0.071354166666667 0.10462962962963
10 0.38307291666667 0.62175925925926 0.0640625 0.063888888888889
10 0.083854166666667 0.95046296296296 0.047916666666667 0.058333333333333
10 0.34947916666667 0.51712962962963 0.036458333333333 0.04537037037037
10 0.59973958333333 0.85092592592593 0.1328125 0.17037037037037
10 0.69713541666667 0.26527777777778 0.0390625 0.052777777777778
10 0.20052083333333 0.35555555555556 0.0375 0.055555555555556
10 0.28151041666667 0.47824074074074 0.038020833333333 0.049074074074074
10 0.18619791666667 0.10925925925926 0.034895833333333 0.059259259259259
10 0.65651041666667 0.15509259259259 0.052604166666667 0.069444444444444
10 0.14713541666667 0.7587962962963 0.0890625 0.11944444444444
10 0.51640625 0.3287037037037 0.084895833333333 0.10925925925926
10 0.24765625 0.61064814814815 0.036979166666667 0.050925925925926
6 0.47057291666667 0.025 0.034895833333333 0.05
10 0.065104166666667 0.58333333333333 0.035416666666667 0.046296296296296