6 0.49609375 0.2375 0.0484375 0.055555555555556
6 0.5484375 0.28888888888889 0.05 0.058333333333333
42 0.91796875 0.80625 0.0328125 0.0375
6 0.678515625 0.74513888888889 0.02421875 0.029166666666667
6 0.38125 0.16805555555556 0.053125 0.058333333333333
6 0.41171875 0.013888888888889 0.04375 0.027777777777778
6 0.617578125 0.56805555555556 0.05078125 0.055555555555556
6 0.43203125 0.42638888888889 0.046875 0.058333333333333
6 0.508203125 0.53958333333333 0.08515625 0.093055555555556
6 0.3515625 0.68194444444444 0.0203125 0.022222222222222
6 0.612109375 0.80138888888889 0.04609375 0.055555555555556
6 0.48046875 0.047916666666667 0.0765625 0.084722222222222
6 0.609375 0.69722222222222 0.0421875 0.047222222222222
6 0.403125 0.375 0.0484375 0.061111111111111
6 0.728125 0.62222222222222 0.0453125 0.052777777777778
6 0.603515625 0.76527777777778 0.03984375 0.044444444444444
6 0.5734375 0.61111111111111 0.05625 0.058333333333333
6 0.649609375 0.72361111111111 0.04609375 0.05
10 0.3390625 0.35972222222222 0.05 0.063888888888889
6 0.651171875 0.61319444444444 0.07109375 0.070833333333333
6 0.70703125 0.60555555555556 0.08125 0.086111111111111
6 0.359765625 0.14305555555556 0.04140625 0.05
6 0.56953125 0.67569444444444 0.0515625 0.054166666666667
6 0.71875 0.68125 0.0296875 0.034722222222222
6 0.544921875 0.80486111111111 0.04140625 0.051388888888889
6 0.559375 0.75069444444444 0.04375 0.051388888888889
6 0.6171875 0.76666666666667 0.05 0.052777777777778
10 0.98125 0.60902777777778 0.025 0.029166666666667
6 0.78203125 0.58263888888889 0.0265625 0.029166666666667
6 0.63515625 0.54166666666667 0.0453125 0.047222222222222
6 0.662109375 0.69861111111111 0.05859375 0.063888888888889
6 0.585546875 0.71736111111111 0.05078125 0.065277777777778
6 0.533984375 0.15902777777778 0.08984375 0.10416666666667
6 0.536328125 0.67152777777778 0.04609375 0.051388888888889
35 0.279296875 0.72569444444444 0.33984375 0.49027777777778
6 0.646484375 0.66319444444444 0.04921875 0.054166666666667
6 0.593359375 0.54027777777778 0.05703125 0.058333333333333
6 0.662109375 0.61111111111111 0.04453125 0.05
6 0.62421875 0.73541666666667 0.04375 0.048611111111111
6 0.6890625 0.57638888888889 0.0609375 0.063888888888889
6 0.552734375 0.60694444444444 0.09140625 0.083333333333333
6 0.665625 0.50763888888889 0.065625 0.079166666666667