10 0.671875 0.26875 0.05 0.065277777777778
6 0.812109375 0.39861111111111 0.04296875 0.055555555555556
6 0.74453125 0.69166666666667 0.0359375 0.05
6 0.80859375 0.57013888888889 0.0453125 0.0625
6 0.65390625 0.32361111111111 0.0359375 0.044444444444444
6 0.6125 0.36875 0.0328125 0.043055555555556
6 0.67734375 0.48541666666667 0.0375 0.045833333333333
6 0.73359375 0.63263888888889 0.03125 0.040277777777778
6 0.6328125 0.28055555555556 0.0390625 0.047222222222222
6 0.820703125 0.45208333333333 0.03359375 0.045833333333333
6 0.75546875 0.35972222222222 0.025 0.033333333333333
10 0.67734375 0.7875 0.0296875 0.036111111111111
6 0.76171875 0.54444444444444 0.034375 0.041666666666667
6 0.621875 0.31597222222222 0.034375 0.045833333333333
6 0.74453125 0.31527777777778 0.0265625 0.033333333333333
6 0.6828125 0.64027777777778 0.0359375 0.044444444444444
10 0.916796875 0.47986111111111 0.02734375 0.034722222222222
6 0.731640625 0.66736111111111 0.03203125 0.0375
10 0.80703125 0.23611111111111 0.2625 0.46388888888889
6 0.8453125 0.56319444444444 0.03125 0.040277777777778
6 0.8515625 0.43125 0.0375 0.051388888888889
10 0.366015625 0.35416666666667 0.25703125 0.48888888888889
6 0.704296875 0.66458333333333 0.03671875 0.043055555555556
6 0.775 0.56875 0.0328125 0.040277777777778
6 0.759375 0.65902777777778 0.03125 0.0375
6 0.844140625 0.50416666666667 0.04296875 0.066666666666667
