10 0.82265625 0.51944444444444 0.0421875 0.055555555555556
10 0.856640625 0.57430555555556 0.02734375 0.034722222222222
10 0.726953125 0.61458333333333 0.02578125 0.031944444444444
10 0.87578125 0.45208333333333 0.0296875 0.043055555555556
10 0.355859375 0.094444444444444 0.04921875 0.055555555555556
10 0.878125 0.49513888888889 0.03125 0.040277777777778
10 0.63125 0.30833333333333 0.03125 0.044444444444444
10 0.86484375 0.52222222222222 0.0328125 0.044444444444444
10 0.85234375 0.60833333333333 0.034375 0.041666666666667
10 0.804296875 0.47708333333333 0.02890625 0.040277777777778
10 0.8984375 0.52430555555556 0.0328125 0.040277777777778
10 0.715234375 0.55416666666667 0.02578125 0.033333333333333
10 0.736328125 0.49305555555556 0.03515625 0.052777777777778
10 0.89921875 0.31597222222222 0.0234375 0.031944444444444