6 0.47658079625293 0.064583333333333 0.072599531615925 0.070833333333333
6 0.2980093676815 0.375 0.071428571428571 0.083333333333333
6 0.041569086651054 0.56458333333333 0.083138173302108 0.10416666666667
6 0.2271662763466 0.40416666666667 0.063231850117096 0.079166666666667
6 0.33021077283372 0.38645833333333 0.084309133489461 0.097916666666667
6 0.42505854800937 0.44479166666667 0.088992974238876 0.09375
6 0.094262295081967 0.28333333333333 0.069086651053864 0.070833333333333
6 0.37002341920375 0.30104166666667 0.072599531615925 0.097916666666667
6 0.5228337236534 0.21979166666667 0.078454332552693 0.077083333333333
6 0.52341920374707 0.13958333333333 0.070257611241218 0.070833333333333
6 0.44320843091335 0.371875 0.071428571428571 0.08125
