10 0.9421875 0.56157407407407 0.029166666666667 0.039814814814815
10 0.31536458333333 0.91805555555556 0.024479166666667 0.030555555555556
10 0.50078125 0.68009259259259 0.021354166666667 0.023148148148148
10 0.98463541666667 0.11435185185185 0.028645833333333 0.069444444444444
10 0.515625 0.66527777777778 0.020833333333333 0.023148148148148
10 0.41848958333333 0.67777777777778 0.0234375 0.025925925925926
6 0.72395833333333 0.56481481481481 0.033333333333333 0.035185185185185
10 0.4640625 0.77592592592593 0.022916666666667 0.025925925925926
10 0.746875 0.70972222222222 0.025 0.030555555555556
10 0.528125 0.61944444444444 0.022916666666667 0.025925925925926
10 0.46171875 0.6462962962963 0.0203125 0.022222222222222
10 0.77864583333333 0.34907407407407 0.021875 0.02962962962963
6 0.6875 0.40648148148148 0.028125 0.037037037037037
10 0.75546875 0.49583333333333 0.028645833333333 0.036111111111111
10 0.49479166666667 0.77916666666667 0.022916666666667 0.021296296296296
10 0.38411458333333 0.83842592592593 0.0265625 0.030555555555556
10 0.30052083333333 0.77824074074074 0.019791666666667 0.023148148148148
10 0.53385416666667 0.82962962962963 0.029166666666667 0.031481481481481
6 0.81822916666667 0.43518518518519 0.030208333333333 0.040740740740741
10 0.42447916666667 0.63194444444444 0.020833333333333 0.023148148148148
10 0.52994791666667 0.78194444444444 0.0234375 0.025
10 0.68151041666667 0.20648148148148 0.050520833333333 0.077777777777778
10 0.346875 0.50833333333333 0.053125 0.064814814814815
10 0.52578125 0.48518518518519 0.0296875 0.031481481481481
10 0.50104166666667 0.51111111111111 0.027083333333333 0.031481481481481
10 0.49166666666667 0.43657407407407 0.01875 0.021296296296296
10 0.47005208333333 0.80324074074074 0.022395833333333 0.025
10 0.74973958333333 0.80185185185185 0.024479166666667 0.031481481481481
10 0.31979166666667 0.69537037037037 0.022916666666667 0.025925925925926
10 0.76901041666667 0.10601851851852 0.019270833333333 0.030555555555556
10 0.48177083333333 0.48472222222222 0.01875 0.021296296296296
10 0.52760416666667 0.93472222222222 0.022916666666667 0.025
10 0.77291666666667 0.32453703703704 0.020833333333333 0.030555555555556
6 0.62265625 0.60694444444444 0.033854166666667 0.041666666666667
10 0.49375 0.65 0.021875 0.025925925925926
10 0.53515625 0.56712962962963 0.021354166666667 0.023148148148148
10 0.44947916666667 0.60925925925926 0.016666666666667 0.018518518518519
10 0.59921875 0.89027777777778 0.028645833333333 0.034259259259259
10 0.40052083333333 0.68009259259259 0.016666666666667 0.019444444444444
10 0.41901041666667 0.73657407407407 0.0203125 0.023148148148148
10 0.10885416666667 0.68194444444444 0.023958333333333 0.028703703703704
10 0.54583333333333 0.28842592592593 0.020833333333333 0.028703703703704
10 0.46822916666667 0.61157407407407 0.019791666666667 0.021296296296296
10 0.60598958333333 0.65648148148148 0.0234375 0.027777777777778
10 0.72604166666667 0.13240740740741 0.021875 0.035185185185185
10 0.30390625 0.55740740740741 0.025520833333333 0.031481481481481
10 0.46770833333333 0.53564814814815 0.020833333333333 0.023148148148148
10 0.35104166666667 0.78518518518519 0.020833333333333 0.024074074074074
10 0.3765625 0.79027777777778 0.022916666666667 0.025
6 0.54140625 0.78888888888889 0.036979166666667 0.031481481481481
10 0.41276041666667 0.44907407407407 0.022395833333333 0.025925925925926
10 0.51145833333333 0.56111111111111 0.01875 0.02037037037037
10 0.63072916666667 0.55138888888889 0.023958333333333 0.028703703703704
6 0.84791666666667 0.46990740740741 0.035416666666667 0.052777777777778
10 0.96848958333333 0.61157407407407 0.061979166666667 0.1212962962963
6 0.43489583333333 0.74074074074074 0.032291666666667 0.038888888888889
10 0.55052083333333 0.79351851851852 0.026041666666667 0.027777777777778
10 0.65807291666667 0.071759259259259 0.0203125 0.034259259259259
10 0.45260416666667 0.79212962962963 0.023958333333333 0.025
10 0.81041666666667 0.84074074074074 0.055208333333333 0.061111111111111
10 0.39401041666667 0.78935185185185 0.0171875 0.021296296296296
10 0.52838541666667 0.73055555555556 0.018229166666667 0.02037037037037
10 0.39817708333333 0.57083333333333 0.0203125 0.023148148148148
10 0.7125 0.56064814814815 0.027083333333333 0.032407407407407
10 0.51328125 0.48703703703704 0.019270833333333 0.022222222222222
10 0.51458333333333 0.9087962962963 0.025 0.028703703703704
10 0.8734375 0.43240740740741 0.029166666666667 0.038888888888889
10 0.5375 0.38657407407407 0.017708333333333 0.021296296296296
10 0.7359375 0.56990740740741 0.023958333333333 0.028703703703704
10 0.58203125 0.5337962962963 0.028645833333333 0.034259259259259
10 0.47135416666667 0.67592592592593 0.019791666666667 0.022222222222222
10 0.57552083333333 0.42407407407407 0.03125 0.037037037037037
10 0.85026041666667 0.37546296296296 0.022395833333333 0.030555555555556
10 0.46640625 0.71990740740741 0.0203125 0.023148148148148
10 0.48645833333333 0.55694444444444 0.01875 0.021296296296296
10 0.35 0.8212962962963 0.01875 0.022222222222222
10 0.48880208333333 0.75138888888889 0.027604166666667 0.030555555555556
10 0.61484375 0.79259259259259 0.0734375 0.085185185185185
51 0.43046875 0.28657407407407 0.0171875 0.019444444444444
10 0.353125 0.85185185185185 0.022916666666667 0.025925925925926
10 0.44479166666667 0.55694444444444 0.017708333333333 0.019444444444444
51 0.45234375 0.98796296296296 0.0234375 0.022222222222222
