10 0.655078125 0.82638888888889 0.03984375 0.055555555555556
6 0.618359375 0.44166666666667 0.03671875 0.044444444444444
6 0.55546875 0.46527777777778 0.0265625 0.033333333333333
6 0.5953125 0.91944444444444 0.028125 0.036111111111111
6 0.592578125 0.62013888888889 0.03203125 0.040277777777778
10 0.542578125 0.36458333333333 0.02890625 0.034722222222222
6 0.56796875 0.55555555555556 0.03125 0.041666666666667
6 0.541015625 0.50208333333333 0.02578125 0.029166666666667
6 0.550390625 0.66111111111111 0.02734375 0.030555555555556
10 0.55625 0.32847222222222 0.0265625 0.031944444444444
6 0.66640625 0.75694444444444 0.028125 0.036111111111111
6 0.596875 0.51666666666667 0.0265625 0.030555555555556
6 0.605859375 0.65625 0.02734375 0.031944444444444
6 0.532421875 0.57777777777778 0.02890625 0.033333333333333
6 0.645703125 0.86597222222222 0.03203125 0.0375
10 0.54921875 0.43194444444444 0.025 0.030555555555556
