6 0.2859375 0.1 0.040625 0.05
6 0.40859375 0.33472222222222 0.041145833333333 0.050925925925926
10 0.85 0.76435185185185 0.029166666666667 0.037962962962963
10 0.86770833333333 0.7337962962963 0.03125 0.041666666666667
6 0.52604166666667 0.027777777777778 0.027083333333333 0.02962962962963
10 0.74270833333333 0.38194444444444 0.029166666666667 0.036111111111111
10 0.53932291666667 0.39305555555556 0.0328125 0.037962962962963
6 0.40104166666667 0.029166666666667 0.035416666666667 0.041666666666667
6 0.3328125 0.053703703703704 0.036458333333333 0.044444444444444
10 0.27630208333333 0.46388888888889 0.038020833333333 0.051851851851852
10 0.15963541666667 0.73888888888889 0.0328125 0.040740740740741
10 0.22578125 0.56203703703704 0.10677083333333 0.13333333333333
10 0.10963541666667 0.38055555555556 0.036979166666667 0.048148148148148
6 0.62083333333333 0.17777777777778 0.032291666666667 0.038888888888889
6 0.62682291666667 0.19768518518519 0.0359375 0.047222222222222
6 0.64947916666667 0.032407407407407 0.033333333333333 0.042592592592593
6 0.63229166666667 0.21111111111111 0.032291666666667 0.038888888888889
6 0.60625 0.046759259259259 0.030208333333333 0.036111111111111
10 0.61041666666667 0.43240740740741 0.026041666666667 0.033333333333333
6 0.36640625 0.22777777777778 0.056770833333333 0.072222222222222
10 0.29375 0.29814814814815 0.032291666666667 0.046296296296296
6 0.57760416666667 0.13611111111111 0.033333333333333 0.042592592592593
10 0.58020833333333 0.6037037037037 0.075 0.14074074074074
10 0.1421875 0.044907407407407 0.05 0.080555555555556
6 0.57734375 0.025 0.038020833333333 0.042592592592593
6 0.30104166666667 0.15092592592593 0.038541666666667 0.048148148148148
6 0.23307291666667 0.19953703703704 0.036979166666667 0.04537037037037
6 0.66822916666667 0.29537037037037 0.03125 0.040740740740741
6 0.38151041666667 0.15185185185185 0.063020833333333 0.081481481481481
10 0.64609375 0.25787037037037 0.0734375 0.069444444444444
6 0.26901041666667 0.011111111111111 0.0390625 0.022222222222222
6 0.47369791666667 0.024537037037037 0.044270833333333 0.047222222222222
10 0.42630208333333 0.64953703703704 0.059895833333333 0.09537037037037
10 0.65416666666667 0.83796296296296 0.041666666666667 0.062962962962963
10 0.65546875 0.49537037037037 0.0265625 0.033333333333333
6 0.52786458333333 0.11944444444444 0.0421875 0.051851851851852
6 0.21640625 0.24861111111111 0.034895833333333 0.043518518518519
10 0.69296875 0.51574074074074 0.0296875 0.037037037037037
6 0.24114583333333 0.16574074074074 0.042708333333333 0.062962962962963
6 0.56901041666667 0.17916666666667 0.038020833333333 0.04537037037037
6 0.3671875 0.0097222222222222 0.034375 0.019444444444444
6 0.30078125 0.069444444444444 0.0390625 0.05
6 0.15755208333333 0.24490740740741 0.028645833333333 0.037962962962963
6 0.70833333333333 0.25833333333333 0.03125 0.037037037037037
6 0.42369791666667 0.12407407407407 0.0296875 0.035185185185185
10 0.15 0.64907407407407 0.05625 0.092592592592593
6 0.27552083333333 0.26018518518519 0.035416666666667 0.042592592592593
6 0.49036458333333 0.23518518518519 0.034895833333333 0.042592592592593
6 0.095572916666667 0.27685185185185 0.034895833333333 0.042592592592593
10 0.64375 0.42592592592593 0.10416666666667 0.16111111111111
6 0.41041666666667 0.061574074074074 0.035416666666667 0.04537037037037
6 0.44791666666667 0.21666666666667 0.036458333333333 0.040740740740741
10 0.67838541666667 0.64074074074074 0.049479166666667 0.074074074074074
6 0.52526041666667 0.20648148148148 0.0390625 0.055555555555556
10 0.83359375 0.9162037037037 0.0265625 0.036111111111111
10 0.77786458333333 0.6037037037037 0.028645833333333 0.033333333333333
6 0.33619791666667 0.3125 0.047395833333333 0.062037037037037
10 0.18567708333333 0.48148148148148 0.0453125 0.051851851851852
6 0.60833333333333 0.089814814814815 0.029166666666667 0.035185185185185
6 0.35833333333333 0.36944444444444 0.034375 0.042592592592593
