6 0.6765625 0.35555555555556 0.03125 0.036111111111111
6 0.6125 0.7125 0.028125 0.030555555555556
6 0.598828125 0.59791666666667 0.02890625 0.031944444444444
10 0.5703125 0.43472222222222 0.0328125 0.036111111111111
6 0.634375 0.63611111111111 0.028125 0.030555555555556
10 0.545703125 0.60347222222222 0.03359375 0.0375
6 0.587890625 0.61666666666667 0.02421875 0.025
6 0.720703125 0.85555555555556 0.02734375 0.030555555555556
6 0.712109375 0.73958333333333 0.02578125 0.029166666666667
6 0.663671875 0.74930555555556 0.02734375 0.029166666666667
6 0.668359375 0.77152777777778 0.02734375 0.029166666666667
6 0.700390625 0.65902777777778 0.02265625 0.023611111111111
6 0.63984375 0.8375 0.0265625 0.030555555555556
6 0.558203125 0.43333333333333 0.03046875 0.033333333333333
10 0.5875 0.70416666666667 0.0328125 0.036111111111111
6 0.671875 0.86944444444444 0.0171875 0.019444444444444
41 0.383203125 0.98263888888889 0.02578125 0.029166666666667
6 0.733203125 0.83055555555556 0.02890625 0.033333333333333
10 0.625 0.61736111111111 0.0375 0.0375
10 0.713671875 0.88472222222222 0.03359375 0.041666666666667
6 0.683203125 0.61805555555556 0.03046875 0.036111111111111
6 0.576953125 0.76527777777778 0.03046875 0.033333333333333
6 0.63984375 0.54791666666667 0.028125 0.029166666666667
6 0.594140625 0.52083333333333 0.02578125 0.030555555555556
6 0.6671875 0.43263888888889 0.03125 0.034722222222222
10 0.691015625 0.74236111111111 0.03203125 0.0375
6 0.6546875 0.66111111111111 0.03125 0.033333333333333
6 0.6484375 0.70625 0.028125 0.029166666666667
10 0.58984375 0.66458333333333 0.0359375 0.040277777777778
10 0.595703125 0.52986111111111 0.03515625 0.040277777777778
6 0.60859375 0.55972222222222 0.0234375 0.025
10 0.7109375 0.75486111111111 0.0359375 0.045833333333333
6 0.56640625 0.40416666666667 0.0265625 0.030555555555556
6 0.630859375 0.76875 0.03046875 0.034722222222222
6 0.594921875 0.54305555555556 0.03046875 0.033333333333333
10 0.63828125 0.92152777777778 0.0375 0.043055555555556
6 0.5828125 0.65 0.03125 0.036111111111111
6 0.567578125 0.57986111111111 0.02578125 0.029166666666667
10 0.655078125 0.71527777777778 0.03671875 0.038888888888889
10 0.5671875 0.48888888888889 0.0328125 0.041666666666667
6 0.5984375 0.90347222222222 0.021875 0.023611111111111
