10 0.73828125 0.093055555555556 0.3515625 0.18611111111111
10 0.903125 0.32013888888889 0.0234375 0.034722222222222
10 0.73046875 0.48680555555556 0.0359375 0.051388888888889
10 0.879296875 0.50069444444444 0.02734375 0.034722222222222
10 0.83984375 0.49722222222222 0.03125 0.041666666666667
10 0.894921875 0.53819444444444 0.03046875 0.040277777777778
10 0.85703125 0.58611111111111 0.0234375 0.033333333333333
10 0.633984375 0.30833333333333 0.03046875 0.044444444444444
10 0.85625 0.61180555555556 0.0234375 0.031944444444444
10 0.880078125 0.46180555555556 0.02578125 0.0375
10 0.724609375 0.61111111111111 0.02578125 0.033333333333333
10 0.869921875 0.53958333333333 0.02734375 0.0375
10 0.7875 0.25555555555556 0.378125 0.47777777777778