6 0.2578125 0.26712962962963 0.036458333333333 0.047222222222222
6 0.53072916666667 0.41157407407407 0.025 0.030555555555556
6 0.32083333333333 0.14768518518519 0.030208333333333 0.036111111111111
6 0.23984375 0.2037037037037 0.031770833333333 0.033333333333333
6 0.091666666666667 0.31851851851852 0.030208333333333 0.033333333333333
6 0.34348958333333 0.088888888888889 0.0265625 0.031481481481481
6 0.46796875 0.041666666666667 0.025520833333333 0.033333333333333
6 0.34791666666667 0.012962962962963 0.029166666666667 0.025925925925926
6 0.059895833333333 0.13287037037037 0.022916666666667 0.026851851851852
6 0.20677083333333 0.25277777777778 0.025 0.027777777777778
6 0.24739583333333 0.16111111111111 0.026041666666667 0.031481481481481
6 0.30807291666667 0.12407407407407 0.0171875 0.02037037037037
6 0.17291666666667 0.29814814814815 0.029166666666667 0.035185185185185
6 0.32552083333333 0.09212962962963 0.036458333333333 0.039814814814815
6 0.33151041666667 0.16898148148148 0.027604166666667 0.030555555555556
6 0.25963541666667 0.15972222222222 0.025520833333333 0.030555555555556
6 0.30677083333333 0.27083333333333 0.025 0.028703703703704
6 0.27760416666667 0.19537037037037 0.021875 0.027777777777778
6 0.45651041666667 0.29351851851852 0.0265625 0.02962962962963
10 0.35729166666667 0.44305555555556 0.027083333333333 0.039814814814815
6 0.27213541666667 0.52638888888889 0.028645833333333 0.032407407407407
6 0.3484375 0.053240740740741 0.030208333333333 0.034259259259259
6 0.3484375 0.27962962962963 0.022916666666667 0.025925925925926
6 0.13489583333333 0.33611111111111 0.032291666666667 0.037037037037037
6 0.60963541666667 0.33935185185185 0.0265625 0.032407407407407
6 0.54713541666667 0.425 0.030729166666667 0.037037037037037
6 0.4140625 0.29259259259259 0.028125 0.031481481481481
6 0.57760416666667 0.49537037037037 0.022916666666667 0.025925925925926
6 0.63177083333333 0.61064814814815 0.030208333333333 0.036111111111111
6 0.39557291666667 0.26666666666667 0.031770833333333 0.037037037037037
6 0.23645833333333 0.2287037037037 0.027083333333333 0.031481481481481
6 0.20546875 0.32916666666667 0.030729166666667 0.037962962962963
6 0.48802083333333 0.41666666666667 0.019791666666667 0.022222222222222
6 0.38046875 0.29166666666667 0.024479166666667 0.027777777777778
6 0.4640625 0.32314814814815 0.025 0.031481481481481
6 0.090625 0.1962962962963 0.041666666666667 0.053703703703704
6 0.31979166666667 0.16064814814815 0.046875 0.047222222222222
10 0.74270833333333 0.56527777777778 0.025 0.036111111111111
6 0.24635416666667 0.12962962962963 0.025 0.031481481481481
6 0.47682291666667 0.29537037037037 0.0265625 0.031481481481481
6 0.734375 0.50277777777778 0.027083333333333 0.033333333333333
6 0.21666666666667 0.28888888888889 0.027083333333333 0.031481481481481
6 0.159375 0.26666666666667 0.028125 0.033333333333333
6 0.18203125 0.085185185185185 0.030729166666667 0.035185185185185
6 0.36953125 0.13518518518519 0.0421875 0.05
6 0.22942708333333 0.26342592592593 0.021354166666667 0.025
6 0.28359375 0.13194444444444 0.018229166666667 0.023148148148148
6 0.15546875 0.10972222222222 0.036979166666667 0.043518518518519
6 0.49661458333333 0.36898148148148 0.024479166666667 0.030555555555556
6 0.18151041666667 0.1837962962963 0.034895833333333 0.041666666666667
6 0.27083333333333 0.30740740740741 0.03125 0.037037037037037
6 0.27057291666667 0.23842592592593 0.025520833333333 0.032407407407407
6 0.080729166666667 0.37453703703704 0.032291666666667 0.037962962962963
6 0.01171875 0.2125 0.0234375 0.034259259259259
6 0.40260416666667 0.24166666666667 0.026041666666667 0.033333333333333
6 0.31536458333333 0.32361111111111 0.031770833333333 0.039814814814815
6 0.0375 0.18888888888889 0.033333333333333 0.038888888888889
6 0.2296875 0.14259259259259 0.022916666666667 0.02962962962963
6 0.24557291666667 0.32731481481481 0.0234375 0.028703703703704
10 0.60807291666667 0.48703703703704 0.0484375 0.07037037037037
6 0.34296875 0.15185185185185 0.024479166666667 0.027777777777778
6 0.45833333333333 0.45601851851852 0.030208333333333 0.036111111111111
6 0.18854166666667 0.11527777777778 0.025 0.032407407407407
6 0.53385416666667 0.39444444444444 0.022916666666667 0.031481481481481
6 0.36692708333333 0.23888888888889 0.024479166666667 0.02962962962963
6 0.027083333333333 0.19722222222222 0.0375 0.044444444444444
6 0.0828125 0.14907407407407 0.029166666666667 0.035185185185185
10 0.8640625 0.52175925925926 0.028125 0.036111111111111
6 0.088802083333333 0.092592592592593 0.027604166666667 0.033333333333333
6 0.1359375 0.26111111111111 0.034375 0.038888888888889
6 0.0828125 0.10694444444444 0.030208333333333 0.036111111111111
6 0.28177083333333 0.17592592592593 0.023958333333333 0.031481481481481
6 0.36197916666667 0.30138888888889 0.023958333333333 0.028703703703704
6 0.14348958333333 0.18888888888889 0.0296875 0.035185185185185
6 0.49348958333333 0.3125 0.028645833333333 0.030555555555556
6 0.58333333333333 0.475 0.025 0.02962962962963
6 0.10520833333333 0.12731481481481 0.021875 0.026851851851852
6 0.016145833333333 0.1537037037037 0.027083333333333 0.038888888888889
6 0.30755208333333 0.16898148148148 0.024479166666667 0.028703703703704