32 0.3140625 0.23703703703704 0.045833333333333 0.046296296296296
32 0.03125 0.41111111111111 0.059375 0.17592592592593
32 0.34947916666667 0.61574074074074 0.06875 0.11111111111111
32 0.190625 0.44444444444444 0.12604166666667 0.16111111111111
32 0.76640625 0.02962962962963 0.044270833333333 0.059259259259259
32 0.2328125 0.26203703703704 0.10416666666667 0.15925925925926
32 0.57447916666667 0.56111111111111 0.088541666666667 0.11666666666667
5 0.46666666666667 0.53842592592593 0.10520833333333 0.13055555555556
32 0.39635416666667 0.47546296296296 0.05625 0.073148148148148
32 0.70546875 0.1037037037037 0.090104166666667 0.081481481481481
5 0.22604166666667 0.83009259259259 0.103125 0.10462962962963
32 0.72526041666667 0.11574074074074 0.053645833333333 0.077777777777778
32 0.61380208333333 0.47592592592593 0.0578125 0.085185185185185
32 0.49739583333333 0.88055555555556 0.37083333333333 0.23333333333333
32 0.96510416666667 0.2037037037037 0.06875 0.15
32 0.83880208333333 0.13055555555556 0.0546875 0.07037037037037
32 0.9796875 0.98842592592593 0.036458333333333 0.021296296296296
32 0.88723958333333 0.57175925925926 0.099479166666667 0.11203703703704
32 0.29322916666667 0.075 0.125 0.13703703703704
32 0.51354166666667 0.66388888888889 0.080208333333333 0.13703703703704
32 0.87369791666667 0.45694444444444 0.031770833333333 0.04537037037037
32 0.049479166666667 0.075925925925926 0.027083333333333 0.11296296296296
32 0.29739583333333 0.56712962962963 0.046875 0.049074074074074
32 0.85208333333333 0.023148148148148 0.066666666666667 0.046296296296296
10 0.89479166666667 0.86666666666667 0.034375 0.053703703703704
32 0.73932291666667 0.50648148148148 0.0546875 0.077777777777778
32 0.96979166666667 0.72592592592593 0.053125 0.10925925925926
32 0.4484375 0.1212962962963 0.072916666666667 0.23703703703704
10 0.8234375 0.98055555555556 0.03125 0.037037037037037
32 0.9 0.31388888888889 0.046875 0.092592592592593
32 0.94635416666667 0.62592592592593 0.0375 0.046296296296296
32 0.59088541666667 0.84861111111111 0.0453125 0.069444444444444
32 0.9734375 0.57268518518519 0.053125 0.093518518518519
32 0.3765625 0.19351851851852 0.077083333333333 0.1037037037037
32 0.57109375 0.67962962962963 0.0734375 0.13703703703704
32 0.66432291666667 0.25648148148148 0.0609375 0.087037037037037
32 0.97864583333333 0.8712962962963 0.036458333333333 0.07037037037037
10 0.759375 0.71944444444444 0.044791666666667 0.081481481481481
32 0.17604166666667 0.93981481481481 0.073958333333333 0.092592592592593
32 0.41770833333333 0.32777777777778 0.061458333333333 0.090740740740741
32 0.80494791666667 0.86018518518519 0.0328125 0.048148148148148
32 0.43567708333333 0.44166666666667 0.041145833333333 0.062962962962963
32 0.91171875 0.45 0.038020833333333 0.055555555555556
