10 0.34869791666667 0.49675925925926 0.1046875 0.13240740740741
8 0.971875 0.4875 0.051041666666667 0.075
10 0.31458333333333 0.68564814814815 0.071875 0.091666666666667
10 0.41302083333333 0.96944444444444 0.065625 0.061111111111111
8 0.79192708333333 0.22453703703704 0.066145833333333 0.12314814814815
8 0.97682291666667 0.61064814814815 0.0453125 0.16759259259259
10 0.53671875 0.30601851851852 0.050520833333333 0.071296296296296
8 0.796875 0.725 0.047916666666667 0.081481481481481
8 0.83932291666667 0.6125 0.046354166666667 0.069444444444444
10 0.434375 0.024537037037037 0.066666666666667 0.049074074074074
8 0.7515625 0.13981481481481 0.05625 0.081481481481481
8 0.73932291666667 0.64351851851852 0.0484375 0.068518518518519
8 0.74791666666667 0.055555555555556 0.061458333333333 0.087037037037037