6 0.43828125 0.024074074074074 0.0453125 0.048148148148148
10 0.15729166666667 0.06712962962963 0.071875 0.1212962962963
6 0.553125 0.20972222222222 0.027083333333333 0.030555555555556
10 0.15338541666667 0.79259259259259 0.030729166666667 0.038888888888889
6 0.534375 0.2287037037037 0.034375 0.038888888888889
6 0.63515625 0.20694444444444 0.033854166666667 0.039814814814815
10 0.26692708333333 0.64537037037037 0.0265625 0.033333333333333
10 0.6625 0.53703703703704 0.030208333333333 0.037037037037037
6 0.64322916666667 0.24953703703704 0.042708333333333 0.047222222222222
6 0.37734375 0.18796296296296 0.041145833333333 0.055555555555556
10 0.859375 0.81666666666667 0.028125 0.037037037037037
6 0.54348958333333 0.22037037037037 0.036979166666667 0.040740740740741
10 0.24765625 0.58101851851852 0.027604166666667 0.034259259259259
10 0.70703125 0.54537037037037 0.030729166666667 0.037037037037037
6 0.6203125 0.084722222222222 0.030208333333333 0.036111111111111
6 0.67265625 0.33657407407407 0.030729166666667 0.036111111111111
6 0.19296875 0.3912037037037 0.034895833333333 0.04537037037037
10 0.30885416666667 0.35324074074074 0.028125 0.036111111111111
6 0.4015625 0.010648148148148 0.030208333333333 0.021296296296296
6 0.39479166666667 0.19907407407407 0.035416666666667 0.044444444444444
10 0.3296875 0.37731481481481 0.04375 0.05462962962963
10 0.65026041666667 0.41990740740741 0.072395833333333 0.078703703703704
6 0.36770833333333 0.48981481481481 0.028125 0.037037037037037
10 0.19895833333333 0.56388888888889 0.028125 0.040740740740741
6 0.58307291666667 0.21435185185185 0.038020833333333 0.039814814814815
6 0.51302083333333 0.24305555555556 0.027083333333333 0.032407407407407
6 0.53020833333333 0.15972222222222 0.04375 0.058333333333333
6 0.30052083333333 0.10925925925926 0.03125 0.038888888888889
6 0.41875 0.28703703703704 0.023958333333333 0.02962962962963
10 0.84765625 0.95462962962963 0.0328125 0.046296296296296
10 0.4265625 0.70231481481481 0.057291666666667 0.09537037037037
10 0.62057291666667 0.47314814814815 0.025520833333333 0.035185185185185
6 0.50703125 0.018981481481481 0.038020833333333 0.037962962962963
6 0.35494791666667 0.41851851851852 0.030729166666667 0.038888888888889
6 0.40859375 0.40185185185185 0.040104166666667 0.05
6 0.36171875 0.021296296296296 0.044270833333333 0.042592592592593
6 0.41744791666667 0.046759259259259 0.033854166666667 0.039814814814815
6 0.23125 0.29768518518519 0.03125 0.037962962962963
6 0.30625 0.21064814814815 0.035416666666667 0.047222222222222
6 0.39635416666667 0.25092592592593 0.034375 0.042592592592593
10 0.87682291666667 0.77453703703704 0.0328125 0.041666666666667
10 0.37760416666667 0.45555555555556 0.029166666666667 0.037037037037037
6 0.48020833333333 0.058333333333333 0.05 0.066666666666667
10 0.71302083333333 0.25648148148148 0.026041666666667 0.035185185185185
6 0.66067708333333 0.074537037037037 0.0359375 0.04537037037037
6 0.22734375 0.23888888888889 0.0328125 0.040740740740741
10 0.16666666666667 0.52685185185185 0.045833333333333 0.05
6 0.43776041666667 0.14490740740741 0.025520833333333 0.032407407407407
6 0.45260416666667 0.25787037037037 0.036458333333333 0.041666666666667
6 0.20494791666667 0.0092592592592593 0.028645833333333 0.018518518518519
6 0.36692708333333 0.29305555555556 0.043229166666667 0.049074074074074
6 0.27786458333333 0.50509259259259 0.030729166666667 0.041666666666667
6 0.52864583333333 0.26527777777778 0.030208333333333 0.036111111111111
10 0.77578125 0.54907407407407 0.031770833333333 0.037037037037037
6 0.40234375 0.059259259259259 0.034895833333333 0.044444444444444
6 0.36953125 0.17453703703704 0.0328125 0.043518518518519
6 0.72630208333333 0.29722222222222 0.0328125 0.040740740740741
6 0.5921875 0.059259259259259 0.035416666666667 0.044444444444444
6 0.29036458333333 0.15138888888889 0.036979166666667 0.047222222222222
6 0.41744791666667 0.1087962962963 0.0359375 0.04537037037037
10 0.75520833333333 0.42222222222222 0.034375 0.038888888888889
6 0.278125 0.047222222222222 0.032291666666667 0.038888888888889
10 0.55651041666667 0.43101851851852 0.036979166666667 0.041666666666667
10 0.16666666666667 0.32222222222222 0.039583333333333 0.068518518518519
6 0.36510416666667 0.26111111111111 0.034375 0.040740740740741
10 0.15260416666667 0.34675925925926 0.026041666666667 0.037962962962963
6 0.54791666666667 0.051851851851852 0.025 0.02962962962963
10 0.78802083333333 0.64074074074074 0.032291666666667 0.037037037037037
10 0.58619791666667 0.65509259259259 0.0890625 0.14351851851852
6 0.56458333333333 0.018055555555556 0.041666666666667 0.036111111111111
6 0.23802083333333 0.19814814814815 0.033333333333333 0.040740740740741
10 0.7453125 0.49398148148148 0.029166666666667 0.036111111111111
6 0.334375 0.089814814814815 0.036458333333333 0.042592592592593
6 0.58723958333333 0.16574074074074 0.0421875 0.051851851851852
6 0.49322916666667 0.275 0.033333333333333 0.044444444444444
6 0.11484375 0.32083333333333 0.031770833333333 0.039814814814815
10 0.26223958333333 0.23240740740741 0.0296875 0.042592592592593
6 0.61875 0.12083333333333 0.03125 0.037962962962963
10 0.66015625 0.88425925925926 0.030729166666667 0.038888888888889