10 0.77734375 0.19652777777778 0.065625 0.076388888888889
10 0.6328125 0.90208333333333 0.05 0.065277777777778
10 0.401953125 0.59722222222222 0.06171875 0.077777777777778
10 0.5265625 0.61180555555556 0.053125 0.0625
10 0.198046875 0.57013888888889 0.06328125 0.073611111111111
10 0.678515625 0.74027777777778 0.05078125 0.058333333333333
10 0.3828125 0.27916666666667 0.1671875 0.21111111111111
10 0.543359375 0.46666666666667 0.06015625 0.072222222222222
10 0.4328125 0.96111111111111 0.0390625 0.044444444444444
10 0.864453125 0.77569444444444 0.06796875 0.081944444444444
10 0.58984375 0.53402777777778 0.0578125 0.070833333333333
10 0.609765625 0.81388888888889 0.05390625 0.069444444444444
10 0.3921875 0.91388888888889 0.0734375 0.088888888888889
10 0.26015625 0.82847222222222 0.1015625 0.13194444444444
10 0.17265625 0.98055555555556 0.0984375 0.038888888888889
10 0.9125 0.65069444444444 0.071875 0.084722222222222
10 0.55703125 0.86458333333333 0.0453125 0.054166666666667
10 0.046484375 0.030555555555556 0.08984375 0.061111111111111
10 0.81171875 0.92986111111111 0.059375 0.070833333333333
10 0.530078125 0.80555555555556 0.04609375 0.061111111111111
10 0.907421875 0.475 0.18515625 0.29444444444444
10 0.325 0.49166666666667 0.1375 0.17222222222222
10 0.615625 0.58680555555556 0.053125 0.070833333333333
10 0.730078125 0.71388888888889 0.04609375 0.055555555555556
10 0.702734375 0.82847222222222 0.13828125 0.13194444444444
10 0.349609375 0.52361111111111 0.07890625 0.10277777777778
10 0.01875 0.75 0.0375 0.091666666666667
10 0.3671875 0.039583333333333 0.0859375 0.079166666666667
10 0.680859375 0.33333333333333 0.11640625 0.12777777777778
10 0.961328125 0.89791666666667 0.07734375 0.19305555555556
10 0.739453125 0.85902777777778 0.05078125 0.059722222222222
10 0.240625 0.11944444444444 0.075 0.1
10 0.291015625 0.85208333333333 0.06015625 0.068055555555556
10 0.555078125 0.18194444444444 0.15078125 0.24444444444444
8 0.724609375 0.1125 0.13046875 0.15555555555556
10 0.90390625 0.12916666666667 0.1359375 0.12777777777778
10 0.6125 0.97222222222222 0.046875 0.05
10 0.619921875 0.34652777777778 0.06953125 0.10138888888889
10 0.489453125 0.68125 0.04609375 0.059722222222222
10 0.568359375 0.64513888888889 0.06328125 0.0875
