19 0.35833333333333 0.58796296296296 0.029166666666667 0.033333333333333
19 0.39661458333333 0.35694444444444 0.021354166666667 0.028703703703704
19 0.40390625 0.6462962962963 0.025520833333333 0.02962962962963
19 0.47135416666667 0.52083333333333 0.033333333333333 0.036111111111111
19 0.50755208333333 0.49166666666667 0.021354166666667 0.027777777777778
19 0.46796875 0.33287037037037 0.025520833333333 0.028703703703704
19 0.29427083333333 0.30231481481481 0.0375 0.056481481481481
19 0.33203125 0.37731481481481 0.0265625 0.032407407407407
19 0.62604166666667 0.8662037037037 0.022916666666667 0.032407407407407
19 0.32760416666667 0.2837962962963 0.021875 0.026851851851852
19 0.440625 0.32777777777778 0.020833333333333 0.025925925925926
19 0.30989583333333 0.63611111111111 0.025 0.027777777777778
19 0.38645833333333 0.24814814814815 0.022916666666667 0.027777777777778
19 0.45833333333333 0.37546296296296 0.034375 0.043518518518519
19 0.3734375 0.38148148148148 0.036458333333333 0.051851851851852
19 0.33932291666667 0.31342592592593 0.031770833333333 0.036111111111111
19 0.28515625 0.61805555555556 0.021354166666667 0.021296296296296
19 0.28958333333333 0.58888888888889 0.021875 0.025925925925926
19 0.37447916666667 0.32314814814815 0.026041666666667 0.035185185185185
19 0.528125 0.38287037037037 0.025 0.034259259259259
19 0.43098958333333 0.31574074074074 0.022395833333333 0.027777777777778
19 0.43854166666667 0.72037037037037 0.033333333333333 0.035185185185185
19 0.54427083333333 0.96342592592593 0.029166666666667 0.036111111111111