6 0.965234375 0.030555555555556 0.05078125 0.061111111111111
6 0.50703125 0.12916666666667 0.0359375 0.05
6 0.369921875 0.99166666666667 0.02890625 0.016666666666667
6 0.1953125 0.71875 0.03125 0.034722222222222
6 0.901171875 0.58472222222222 0.04609375 0.055555555555556
6 0.2921875 0.98541666666667 0.0328125 0.029166666666667
6 0.440234375 0.81666666666667 0.03046875 0.033333333333333
6 0.269921875 0.78819444444444 0.02890625 0.034722222222222
6 0.920703125 0.86944444444444 0.05546875 0.061111111111111
6 0.919140625 0.37847222222222 0.04453125 0.054166666666667
6 0.749609375 0.32291666666667 0.04296875 0.048611111111111
6 0.754296875 0.39305555555556 0.03828125 0.044444444444444
10 0.5015625 0.57986111111111 0.028125 0.031944444444444
6 0.778515625 0.20833333333333 0.03671875 0.044444444444444
6 0.355859375 0.98888888888889 0.03359375 0.022222222222222
6 0.63671875 0.56875 0.0390625 0.043055555555556
6 0.706640625 0.36388888888889 0.04609375 0.063888888888889
6 0.7984375 0.30694444444444 0.0484375 0.058333333333333
6 0.483203125 0.85416666666667 0.03359375 0.036111111111111
6 0.4578125 0.98402777777778 0.0453125 0.034722222222222
6 0.56796875 0.70694444444444 0.034375 0.038888888888889
6 0.66796875 0.091666666666667 0.1234375 0.15555555555556
10 0.277734375 0.44375 0.05234375 0.065277777777778
6 0.609765625 0.83819444444444 0.03359375 0.045833333333333
6 0.605078125 0.76597222222222 0.03671875 0.043055555555556
6 0.716796875 0.82013888888889 0.04296875 0.051388888888889
10 0.3546875 0.45625 0.0296875 0.034722222222222
6 0.672265625 0.76666666666667 0.03359375 0.041666666666667
6 0.416015625 0.91666666666667 0.03671875 0.044444444444444
6 0.583203125 0.74583333333333 0.03984375 0.047222222222222
6 0.75546875 0.60625 0.0359375 0.043055555555556
6 0.834375 0.55208333333333 0.0375 0.048611111111111
6 0.791796875 0.36597222222222 0.03515625 0.043055555555556
6 0.469140625 0.81666666666667 0.03515625 0.044444444444444
6 0.7125 0.39305555555556 0.04375 0.055555555555556
10 0.41171875 0.31041666666667 0.03125 0.040277777777778
10 0.52890625 0.29930555555556 0.034375 0.0375
6 0.5328125 0.59375 0.0421875 0.054166666666667
6 0.6140625 0.72430555555556 0.0390625 0.045833333333333
6 0.48125 0.62847222222222 0.0296875 0.034722222222222
6 0.9453125 0.36319444444444 0.053125 0.059722222222222
6 0.66796875 0.28819444444444 0.0671875 0.084722222222222
6 0.72421875 0.87638888888889 0.0359375 0.041666666666667
10 0.392578125 0.275 0.04140625 0.052777777777778
6 0.621875 0.25138888888889 0.0453125 0.055555555555556
6 0.371875 0.77152777777778 0.0453125 0.051388888888889
6 0.655859375 0.66666666666667 0.03828125 0.052777777777778
10 0.557421875 0.46527777777778 0.02890625 0.033333333333333
6 0.442578125 0.73541666666667 0.04921875 0.048611111111111
6 0.4640625 0.83263888888889 0.0390625 0.048611111111111
6 0.862109375 0.52013888888889 0.03203125 0.040277777777778
6 0.253515625 0.82222222222222 0.02734375 0.030555555555556
6 0.54453125 0.80972222222222 0.0296875 0.036111111111111
6 0.906640625 0.021527777777778 0.05859375 0.043055555555556
6 0.56953125 0.49930555555556 0.034375 0.040277777777778
10 0.40703125 0.67847222222222 0.034375 0.040277777777778
10 0.394921875 0.49375 0.04453125 0.051388888888889
6 0.661328125 0.81180555555556 0.04453125 0.048611111111111
10 0.64140625 0.87638888888889 0.0984375 0.11666666666667
6 0.796484375 0.16458333333333 0.07578125 0.081944444444444
6 0.661328125 0.69722222222222 0.03671875 0.044444444444444
6 0.9265625 0.69444444444444 0.05 0.063888888888889
6 0.771875 0.35138888888889 0.0390625 0.05
6 0.611328125 0.30138888888889 0.03671875 0.044444444444444
6 0.71953125 0.65972222222222 0.0328125 0.041666666666667
6 0.960546875 0.81111111111111 0.03984375 0.047222222222222
6 0.6546875 0.61458333333333 0.0421875 0.051388888888889
6 0.689453125 0.48611111111111 0.02734375 0.033333333333333
10 0.323046875 0.38958333333333 0.04296875 0.045833333333333
6 0.66015625 0.9625 0.0640625 0.077777777777778
6 0.577734375 0.3625 0.04453125 0.05
6 0.653515625 0.44652777777778 0.04453125 0.051388888888889
10 0.205859375 0.96319444444444 0.03203125 0.034722222222222
6 0.88046875 0.7375 0.0390625 0.052777777777778
10 0.5 0.47291666666667 0.0421875 0.048611111111111
6 0.7875 0.59861111111111 0.0453125 0.058333333333333
6 0.9890625 0.68611111111111 0.021875 0.047222222222222
6 0.695703125 0.62777777777778 0.04140625 0.063888888888889
6 0.241015625 0.75625 0.02890625 0.031944444444444
6 0.690234375 0.64652777777778 0.03984375 0.059722222222222
6 0.755859375 0.66041666666667 0.03515625 0.048611111111111
6 0.985546875 0.6125 0.02890625 0.05
10 0.52578125 0.40347222222222 0.040625 0.048611111111111
6 0.67890625 0.51527777777778 0.04375 0.05
6 0.66640625 0.76041666666667 0.0515625 0.065277777777778
10 0.526171875 0.50972222222222 0.02734375 0.030555555555556
6 0.391015625 0.96041666666667 0.03046875 0.031944444444444
10 0.475 0.54652777777778 0.03125 0.040277777777778
6 0.2484375 0.87777777777778 0.0359375 0.038888888888889