10 0.0828125 0.78935185185185 0.040625 0.058333333333333
6 0.5453125 0.23009259259259 0.048958333333333 0.058333333333333
10 0.79557291666667 0.75601851851852 0.066145833333333 0.09537037037037
10 0.15104166666667 0.15740740740741 0.061458333333333 0.096296296296296
6 0.29088541666667 0.27037037037037 0.043229166666667 0.064814814814815
10 0.71875 0.76481481481481 0.055208333333333 0.083333333333333
10 0.74505208333333 0.35324074074074 0.0484375 0.091666666666667
6 0.51302083333333 0.056481481481481 0.044791666666667 0.061111111111111
10 0.41692708333333 0.82083333333333 0.0515625 0.09537037037037
10 0.30078125 0.45555555555556 0.046354166666667 0.074074074074074
10 0.18671875 0.74305555555556 0.040104166666667 0.060185185185185
10 0.41796875 0.81574074074074 0.078645833333333 0.14259259259259
10 0.10052083333333 0.43611111111111 0.039583333333333 0.055555555555556
10 0.59166666666667 0.79814814814815 0.11041666666667 0.17222222222222
10 0.25755208333333 0.78240740740741 0.052604166666667 0.07962962962963
6 0.52734375 0.039814814814815 0.0453125 0.061111111111111
6 0.51432291666667 0.031018518518519 0.050520833333333 0.05462962962963
10 0.45625 0.3375 0.040625 0.062037037037037
6 0.375 0.065740740740741 0.045833333333333 0.062962962962963
6 0.41979166666667 0.17962962962963 0.039583333333333 0.059259259259259
6 0.59296875 0.090740740740741 0.0484375 0.059259259259259
10 0.15260416666667 0.6462962962963 0.040625 0.057407407407407
10 0.82109375 0.7412037037037 0.080729166666667 0.10833333333333
10 0.38854166666667 0.52962962962963 0.071875 0.10555555555556
10 0.3875 0.38425925925926 0.10625 0.13888888888889
6 0.48177083333333 0.11388888888889 0.044791666666667 0.066666666666667
6 0.37239583333333 0.27268518518519 0.048958333333333 0.058333333333333
10 0.087239583333333 0.80787037037037 0.088020833333333 0.10833333333333
10 0.16067708333333 0.47638888888889 0.059895833333333 0.091666666666667
6 0.38072916666667 0.34444444444444 0.04375 0.057407407407407
6 0.609375 0.23842592592593 0.051041666666667 0.076851851851852
10 0.3734375 0.54722222222222 0.11770833333333 0.16481481481481
6 0.53307291666667 0.32592592592593 0.066145833333333 0.083333333333333
10 0.22395833333333 0.33842592592593 0.04375 0.062037037037037
6 0.63958333333333 0.34861111111111 0.044791666666667 0.065740740740741