6 0.661328125 0.26180555555556 0.05234375 0.059722222222222
6 0.741015625 0.69236111111111 0.04921875 0.059722222222222
10 0.36171875 0.39444444444444 0.2578125 0.51388888888889
6 0.84765625 0.57916666666667 0.040625 0.052777777777778
6 0.8390625 0.42083333333333 0.04375 0.061111111111111
6 0.8109375 0.57013888888889 0.0484375 0.054166666666667
6 0.6828125 0.65208333333333 0.0328125 0.040277777777778
6 0.608203125 0.38680555555556 0.03359375 0.040277777777778
10 0.8015625 0.23888888888889 0.2921875 0.47777777777778
6 0.729296875 0.65555555555556 0.03203125 0.038888888888889
6 0.76953125 0.56388888888889 0.0515625 0.061111111111111
6 0.81484375 0.46111111111111 0.03125 0.041666666666667
6 0.70625 0.68888888888889 0.034375 0.044444444444444
10 0.613671875 0.30763888888889 0.04296875 0.051388888888889
6 0.70390625 0.54305555555556 0.0453125 0.052777777777778
10 0.929296875 0.5 0.02890625 0.036111111111111
6 0.844921875 0.50833333333333 0.03828125 0.058333333333333
6 0.720703125 0.27569444444444 0.05234375 0.0625
6 0.7203125 0.62083333333333 0.046875 0.055555555555556
6 0.81953125 0.51805555555556 0.046875 0.058333333333333
6 0.648828125 0.29513888888889 0.04921875 0.059722222222222
10 0.675390625 0.78819444444444 0.02890625 0.0375
6 0.603125 0.43958333333333 0.0453125 0.056944444444444
