10 0.872265625 0.67708333333333 0.02734375 0.0375
10 0.725390625 0.38958333333333 0.03359375 0.043055555555556
10 0.769140625 0.40416666666667 0.02578125 0.036111111111111
10 0.886328125 0.37083333333333 0.02578125 0.036111111111111
10 0.90625 0.60347222222222 0.028125 0.0375
10 0.721484375 0.44583333333333 0.03046875 0.041666666666667
10 0.76875 0.36944444444444 0.028125 0.036111111111111
10 0.4484375 0.34027777777778 0.346875 0.625
10 0.89140625 0.57708333333333 0.0375 0.051388888888889
10 0.837109375 0.48333333333333 0.03203125 0.047222222222222
10 0.861328125 0.47430555555556 0.02890625 0.040277777777778
10 0.7015625 0.32430555555556 0.0296875 0.040277777777778
10 0.880859375 0.49791666666667 0.02890625 0.040277777777778
10 0.78125 0.24027777777778 0.4109375 0.48055555555556
10 0.66015625 0.27638888888889 0.0265625 0.036111111111111
10 0.719140625 0.34513888888889 0.03203125 0.043055555555556
10 0.873828125 0.44513888888889 0.03046875 0.043055555555556