5 0.29661458333333 0.20231481481481 0.027604166666667 0.034259259259259
5 0.57760416666667 0.74722222222222 0.0375 0.044444444444444
5 0.76197916666667 0.85972222222222 0.021875 0.026851851851852
5 0.55677083333333 0.58611111111111 0.034375 0.040740740740741
5 0.73802083333333 0.58657407407407 0.03125 0.037962962962963
5 0.4265625 0.65324074074074 0.026041666666667 0.026851851851852
5 0.43828125 0.48148148148148 0.030729166666667 0.033333333333333
5 0.28333333333333 0.36527777777778 0.034375 0.037962962962963
5 0.62421875 0.72314814814815 0.040104166666667 0.044444444444444
5 0.2234375 0.26481481481481 0.040625 0.048148148148148
5 0.17161458333333 0.39583333333333 0.053645833333333 0.071296296296296
5 0.48463541666667 0.98981481481481 0.028645833333333 0.018518518518519
5 0.95182291666667 0.66944444444444 0.021354166666667 0.025925925925926
5 0.94583333333333 0.72731481481481 0.01875 0.023148148148148
32 0.38776041666667 0.46342592592593 0.028645833333333 0.039814814814815
5 0.44244791666667 0.74953703703704 0.0359375 0.037962962962963
5 0.58255208333333 0.71851851851852 0.0265625 0.027777777777778
5 0.46223958333333 0.80833333333333 0.0359375 0.042592592592593
5 0.3125 0.4 0.032291666666667 0.037037037037037
5 0.61119791666667 0.69259259259259 0.030729166666667 0.033333333333333
5 0.25130208333333 0.46712962962963 0.0359375 0.037962962962963
5 0.58098958333333 0.79722222222222 0.0359375 0.038888888888889
5 0.28854166666667 0.71342592592593 0.029166666666667 0.034259259259259
5 0.94375 0.77777777777778 0.023958333333333 0.031481481481481
5 0.35598958333333 0.074074074074074 0.0328125 0.042592592592593
6 0.53333333333333 0.84166666666667 0.025 0.027777777777778
5 0.32864583333333 0.83796296296296 0.030208333333333 0.033333333333333
5 0.3453125 0.55972222222222 0.03125 0.034259259259259
5 0.4921875 0.72731481481481 0.055208333333333 0.063888888888889
5 0.35989583333333 0.61944444444444 0.042708333333333 0.044444444444444
5 0.3703125 0.55324074074074 0.027083333333333 0.028703703703704
5 0.32734375 0.64814814814815 0.038020833333333 0.051851851851852
5 0.54244791666667 0.70972222222222 0.0578125 0.065740740740741
5 0.12734375 0.35 0.0359375 0.040740740740741
5 0.6046875 0.76666666666667 0.028125 0.031481481481481
5 0.63671875 0.93657407407407 0.022395833333333 0.026851851851852
5 0.9296875 0.61805555555556 0.035416666666667 0.043518518518519
5 0.4765625 0.77638888888889 0.025 0.026851851851852
5 0.48411458333333 0.83657407407407 0.021354166666667 0.023148148148148
5 0.31458333333333 0.4462962962963 0.032291666666667 0.037037037037037
5 0.50208333333333 0.95277777777778 0.032291666666667 0.037037037037037
5 0.29427083333333 0.089351851851852 0.030208333333333 0.041666666666667
5 0.66484375 0.77962962962963 0.033854166666667 0.038888888888889
5 0.30729166666667 0.48009259259259 0.0375 0.04537037037037
5 0.50026041666667 0.85416666666667 0.022395833333333 0.023148148148148
5 0.64479166666667 0.98055555555556 0.025 0.025925925925926
5 0.30677083333333 0.32777777777778 0.059375 0.066666666666667
5 0.31458333333333 0.50185185185185 0.0375 0.044444444444444
5 0.58958333333333 0.98333333333333 0.029166666666667 0.025925925925926
5 0.53515625 0.64861111111111 0.034895833333333 0.041666666666667
5 0.24348958333333 0.85462962962963 0.0234375 0.025925925925926
5 0.49947916666667 0.77453703703704 0.023958333333333 0.026851851851852
5 0.57682291666667 0.54583333333333 0.0546875 0.047222222222222
5 0.33854166666667 0.2375 0.038541666666667 0.04537037037037
5 0.56041666666667 0.62361111111111 0.025 0.026851851851852
5 0.28255208333333 0.49537037037037 0.0296875 0.031481481481481
5 0.21614583333333 0.1787037037037 0.070833333333333 0.088888888888889
5 0.38411458333333 0.60740740740741 0.024479166666667 0.027777777777778
5 0.2890625 0.37361111111111 0.029166666666667 0.030555555555556
5 0.28203125 0.60046296296296 0.024479166666667 0.025
5 0.796875 0.80046296296296 0.01875 0.023148148148148
5 0.72942708333333 0.97361111111111 0.019270833333333 0.021296296296296
5 0.71614583333333 0.68194444444444 0.034375 0.039814814814815
32 0.58880208333333 0.8412037037037 0.0234375 0.025
5 0.24739583333333 0.77175925925926 0.044791666666667 0.063888888888889
5 0.44609375 0.78148148148148 0.031770833333333 0.033333333333333
5 0.41484375 0.79444444444444 0.022395833333333 0.024074074074074
5 0.19505208333333 0.54537037037037 0.052604166666667 0.055555555555556
5 0.71510416666667 0.98888888888889 0.01875 0.02037037037037
5 0.46536458333333 0.93055555555556 0.021354166666667 0.024074074074074
5 0.55052083333333 0.98472222222222 0.036458333333333 0.034259259259259
5 0.71432291666667 0.85416666666667 0.021354166666667 0.025
5 0.67239583333333 0.93148148148148 0.020833333333333 0.024074074074074
5 0.74192708333333 0.71712962962963 0.018229166666667 0.023148148148148
5 0.20494791666667 0.47962962962963 0.031770833333333 0.033333333333333
5 0.31484375 0.12175925925926 0.034895833333333 0.04537037037037
5 0.7265625 0.81203703703704 0.019791666666667 0.024074074074074
5 0.98984375 0.72546296296296 0.019270833333333 0.032407407407407
5 0.19270833333333 0.72592592592593 0.034375 0.040740740740741
5 0.11067708333333 0.40925925925926 0.043229166666667 0.05
5 0.59453125 0.64814814814815 0.030729166666667 0.033333333333333
5 0.3421875 0.98333333333333 0.029166666666667 0.02962962962963
5 0.51692708333333 0.91111111111111 0.0265625 0.027777777777778
5 0.29557291666667 0.23287037037037 0.030729166666667 0.036111111111111
5 0.89401041666667 0.77962962962963 0.019270833333333 0.025925925925926
5 0.39973958333333 0.90787037037037 0.027604166666667 0.030555555555556
5 0.3640625 0.51435185185185 0.036458333333333 0.043518518518519
5 0.40208333333333 0.62731481481481 0.022916666666667 0.025
5 0.84479166666667 0.82222222222222 0.022916666666667 0.031481481481481
5 0.38098958333333 0.10925925925926 0.0328125 0.040740740740741
5 0.38645833333333 0.58009259259259 0.027083333333333 0.028703703703704
5 0.9125 0.70092592592593 0.030208333333333 0.033333333333333
5 0.45416666666667 0.89398148148148 0.022916666666667 0.025
5 0.73125 0.88935185185185 0.022916666666667 0.026851851851852
5 0.765625 0.82175925925926 0.015625 0.019444444444444
5 0.29765625 0.27685185185185 0.030729166666667 0.035185185185185
5 0.65598958333333 0.80416666666667 0.0203125 0.023148148148148
5 0.26171875 0.28333333333333 0.036979166666667 0.044444444444444
5 0.35989583333333 0.34351851851852 0.039583333333333 0.05
5 0.59791666666667 0.91990740740741 0.021875 0.025
