10 0.24140625 0.36944444444444 0.030729166666667 0.044444444444444
10 0.22421875 0.42546296296296 0.031770833333333 0.04537037037037
6 0.50885416666667 0.34537037037037 0.036458333333333 0.051851851851852
10 0.39270833333333 0.8625 0.040625 0.043518518518519
6 0.41848958333333 0.024074074074074 0.034895833333333 0.046296296296296
10 0.63151041666667 0.34351851851852 0.038020833333333 0.05
10 0.07890625 0.55694444444444 0.040104166666667 0.056481481481481
10 0.47317708333333 0.32037037037037 0.034895833333333 0.05
10 0.19921875 0.34305555555556 0.033854166666667 0.050925925925926
10 0.27135416666667 0.27824074074074 0.060416666666667 0.087962962962963
6 0.39661458333333 0.11296296296296 0.034895833333333 0.053703703703704
10 0.6421875 0.075925925925926 0.065625 0.081481481481481
6 0.52890625 0.035185185185185 0.038020833333333 0.051851851851852
10 0.37526041666667 0.37685185185185 0.11927083333333 0.1462962962963
10 0.72838541666667 0.76388888888889 0.0640625 0.085185185185185
6 0.47890625 0.083333333333333 0.0421875 0.064814814814815
10 0.74869791666667 0.45694444444444 0.0328125 0.043518518518519
6 0.38697916666667 0.25138888888889 0.039583333333333 0.056481481481481
10 0.12994791666667 0.65509259259259 0.040104166666667 0.049074074074074
10 0.696875 0.53796296296296 0.029166666666667 0.035185185185185
10 0.38177083333333 0.56435185185185 0.1375 0.20092592592593
6 0.6 0.050462962962963 0.040625 0.056481481481481
10 0.89557291666667 0.83981481481481 0.0359375 0.048148148148148
10 0.66744791666667 0.47592592592593 0.041145833333333 0.055555555555556
10 0.27838541666667 0.45787037037037 0.061979166666667 0.087962962962963
10 0.76171875 0.35138888888889 0.033854166666667 0.043518518518519
10 0.70651041666667 0.59768518518519 0.0328125 0.039814814814815
10 0.10260416666667 0.087037037037037 0.034375 0.05
10 0.62005208333333 0.39953703703704 0.034895833333333 0.04537037037037
10 0.33932291666667 0.15324074074074 0.034895833333333 0.050925925925926
10 0.75625 0.59398148148148 0.034375 0.041666666666667
10 0.15755208333333 0.4125 0.0328125 0.047222222222222
10 0.28177083333333 0.6625 0.052083333333333 0.060185185185185
10 0.14609375 0.71712962962963 0.12135416666667 0.16944444444444
10 0.08984375 0.46527777777778 0.071354166666667 0.097222222222222
10 0.21197916666667 0.67916666666667 0.032291666666667 0.041666666666667
10 0.20416666666667 0.26759259259259 0.039583333333333 0.059259259259259
10 0.37734375 0.62592592592593 0.069270833333333 0.083333333333333
10 0.11276041666667 0.023611111111111 0.028645833333333 0.041666666666667
10 0.072135416666667 0.87314814814815 0.1390625 0.16481481481481
10 0.44088541666667 0.77361111111111 0.046354166666667 0.05462962962963
10 0.58463541666667 0.82638888888889 0.1609375 0.19537037037037
10 0.69609375 0.37314814814815 0.038020833333333 0.048148148148148
10 0.55598958333333 0.55972222222222 0.041145833333333 0.049074074074074
10 0.79244791666667 0.46111111111111 0.0328125 0.040740740740741
10 0.26015625 0.59490740740741 0.0328125 0.041666666666667
10 0.16223958333333 0.76342592592593 0.052604166666667 0.058333333333333
10 0.65364583333333 0.55601851851852 0.035416666666667 0.043518518518519
10 0.098697916666667 0.92962962962963 0.038020833333333 0.042592592592593
10 0.14739583333333 0.50462962962963 0.040625 0.059259259259259
6 0.38020833333333 0.022222222222222 0.036458333333333 0.044444444444444
10 0.12552083333333 0.18148148148148 0.066666666666667 0.096296296296296
10 0.74947916666667 0.27916666666667 0.034375 0.047222222222222
6 0.56067708333333 0.1912037037037 0.033854166666667 0.04537037037037
10 0.097395833333333 0.84490740740741 0.0375 0.041666666666667
6 0.4109375 0.037037037037037 0.05 0.068518518518519
10 0.70963541666667 0.087037037037037 0.034895833333333 0.046296296296296
6 0.45703125 0.037037037037037 0.0359375 0.051851851851852
10 0.016666666666667 0.041203703703704 0.03125 0.049074074074074
10 0.84973958333333 0.73148148148148 0.0578125 0.07962962962963
10 0.6359375 0.18287037037037 0.070833333333333 0.084259259259259
10 0.68802083333333 0.26805555555556 0.038541666666667 0.050925925925926
10 0.80572916666667 0.011111111111111 0.034375 0.022222222222222
10 0.91744791666667 0.92777777777778 0.031770833333333 0.042592592592593
10 0.23645833333333 0.77268518518519 0.033333333333333 0.037962962962963
10 0.79921875 0.53888888888889 0.0359375 0.040740740740741
6 0.34973958333333 0.26574074074074 0.0390625 0.059259259259259