10 0.94765625 0.081944444444444 0.0890625 0.11388888888889
10 0.473828125 0.63472222222222 0.21328125 0.28055555555556
10 0.212109375 0.29375 0.13203125 0.1625
10 0.380078125 0.33125 0.30703125 0.36527777777778
10 0.977734375 0.14722222222222 0.04453125 0.11666666666667
10 0.870703125 0.22569444444444 0.07578125 0.093055555555556
10 0.35703125 0.69722222222222 0.0546875 0.047222222222222
8 0.975 0.30069444444444 0.0484375 0.12916666666667
8 0.35703125 0.69722222222222 0.0546875 0.047222222222222
33 0.059765625 0.74097222222222 0.11953125 0.14861111111111
10 0.975 0.30069444444444 0.0484375 0.12916666666667
33 0.160546875 0.51111111111111 0.10546875 0.14444444444444
33 0.250390625 0.70902777777778 0.08515625 0.081944444444444
8 0.212109375 0.29375 0.13203125 0.1625
8 0.380078125 0.33125 0.30703125 0.36527777777778
29 0.473828125 0.63472222222222 0.21328125 0.28055555555556