6 0.528515625 0.60069444444444 0.01796875 0.020833333333333
6 0.616015625 0.84722222222222 0.01953125 0.022222222222222
6 0.572265625 0.66666666666667 0.03984375 0.047222222222222
6 0.5984375 0.61458333333333 0.0234375 0.026388888888889
6 0.59296875 0.85555555555556 0.025 0.030555555555556
10 0.62578125 0.35555555555556 0.01875 0.027777777777778
6 0.591796875 0.49791666666667 0.02578125 0.029166666666667
6 0.628125 0.71805555555556 0.021875 0.025
6 0.5984375 0.74722222222222 0.028125 0.030555555555556
6 0.551171875 0.74305555555556 0.01953125 0.022222222222222
6 0.606640625 0.70486111111111 0.02265625 0.026388888888889
6 0.55078125 0.59375 0.0203125 0.023611111111111
6 0.665625 0.83541666666667 0.0203125 0.029166666666667
6 0.59921875 0.58819444444444 0.025 0.026388888888889
6 0.55625 0.52847222222222 0.0296875 0.031944444444444
6 0.559375 0.67916666666667 0.0265625 0.030555555555556
6 0.556640625 0.34861111111111 0.02109375 0.022222222222222
6 0.5703125 0.54236111111111 0.0234375 0.023611111111111
6 0.6125 0.40625 0.025 0.029166666666667
6 0.561328125 0.56805555555556 0.02421875 0.027777777777778
6 0.543359375 0.61597222222222 0.02109375 0.023611111111111
6 0.537890625 0.56111111111111 0.02578125 0.027777777777778
6 0.583203125 0.63541666666667 0.02265625 0.026388888888889
6 0.555859375 0.46875 0.02890625 0.034722222222222
6 0.52890625 0.63680555555556 0.025 0.029166666666667
