6 0.46796875 0.31805555555556 0.065625 0.086111111111111
10 0.20859375 0.8375 0.075 0.11388888888889
10 0.5140625 0.41597222222222 0.0546875 0.070833333333333
6 0.489453125 0.44097222222222 0.05078125 0.065277777777778
6 0.47578125 0.36736111111111 0.0609375 0.076388888888889
6 0.358984375 0.4625 0.05078125 0.066666666666667
10 0.4546875 0.27638888888889 0.0484375 0.061111111111111
10 0.85390625 0.38055555555556 0.2984375 0.54166666666667
10 0.3015625 0.027777777777778 0.0546875 0.055555555555556
6 0.51953125 0.325 0.053125 0.069444444444444
10 0.399609375 0.31805555555556 0.05546875 0.072222222222222
10 0.30859375 0.27222222222222 0.05 0.069444444444444
10 0.473828125 0.50208333333333 0.05234375 0.065277777777778
6 0.53046875 0.36527777777778 0.05625 0.069444444444444
10 0.35078125 0.51944444444444 0.059375 0.080555555555556
10 0.29140625 0.19027777777778 0.0890625 0.11111111111111
10 0.31796875 0.40625 0.05625 0.076388888888889
6 0.3359375 0.22361111111111 0.0546875 0.072222222222222
10 0.424609375 0.41944444444444 0.05703125 0.072222222222222
10 0.975 0.425 0.040625 0.05
6 0.412109375 0.49166666666667 0.06484375 0.088888888888889
10 0.504296875 0.24861111111111 0.07421875 0.088888888888889
10 0.337109375 0.35347222222222 0.05546875 0.070833333333333
10 0.520703125 0.28611111111111 0.05234375 0.066666666666667
10 0.487890625 0.26597222222222 0.06328125 0.079166666666667
10 0.076171875 0.14027777777778 0.06953125 0.10277777777778
10 0.391796875 0.41875 0.05234375 0.068055555555556
10 0.148828125 0.58055555555556 0.25703125 0.45277777777778
10 0.196484375 0.072916666666667 0.05703125 0.081944444444444