6 0.24713541666667 0.3912037037037 0.0390625 0.063888888888889
6 0.48697916666667 0.095833333333333 0.039583333333333 0.062037037037037
6 0.15755208333333 0.38888888888889 0.031770833333333 0.046296296296296
6 0.11380208333333 0.046296296296296 0.033854166666667 0.046296296296296
6 0.33854166666667 0.32361111111111 0.042708333333333 0.060185185185185
6 0.44401041666667 0.22268518518519 0.040104166666667 0.052777777777778
10 0.59036458333333 0.73935185185185 0.036979166666667 0.056481481481481
6 0.066145833333333 0.37314814814815 0.030208333333333 0.044444444444444
6 0.11927083333333 0.13333333333333 0.044791666666667 0.062962962962963
6 0.42838541666667 0.38472222222222 0.0390625 0.05462962962963
6 0.44973958333333 0.12314814814815 0.0359375 0.053703703703704
10 0.1390625 0.33009259259259 0.041666666666667 0.062037037037037
6 0.32083333333333 0.42546296296296 0.03125 0.043518518518519
6 0.665625 0.63564814814815 0.032291666666667 0.041666666666667
10 0.85052083333333 0.85324074074074 0.033333333333333 0.039814814814815
6 0.35989583333333 0.18888888888889 0.030208333333333 0.044444444444444
6 0.42864583333333 0.71203703703704 0.03125 0.046296296296296
6 0.540625 0.22361111111111 0.030208333333333 0.04537037037037
10 0.59921875 0.89953703703704 0.031770833333333 0.043518518518519
6 0.20364583333333 0.16759259259259 0.030208333333333 0.044444444444444
6 0.51223958333333 0.49768518518519 0.0328125 0.043518518518519
6 0.159375 0.084722222222222 0.03125 0.04537037037037
6 0.53333333333333 0.65740740740741 0.04375 0.057407407407407
6 0.26015625 0.28425925925926 0.030729166666667 0.048148148148148
6 0.46536458333333 0.29768518518519 0.038020833333333 0.049074074074074
6 0.61770833333333 0.4337962962963 0.032291666666667 0.04537037037037
6 0.34427083333333 0.15555555555556 0.034375 0.042592592592593
6 0.20338541666667 0.24907407407407 0.031770833333333 0.046296296296296
6 0.54036458333333 0.53148148148148 0.036979166666667 0.048148148148148
10 0.21536458333333 0.78194444444444 0.0296875 0.04537037037037
6 0.56145833333333 0.5962962962963 0.03125 0.042592592592593
10 0.65729166666667 0.72638888888889 0.048958333333333 0.063888888888889
6 0.38541666666667 0.2662037037037 0.035416666666667 0.047222222222222
6 0.48020833333333 0.36342592592593 0.039583333333333 0.050925925925926
6 0.26822916666667 0.14027777777778 0.035416666666667 0.056481481481481
6 0.069010416666667 0.43564814814815 0.031770833333333 0.04537037037037
6 0.58697916666667 0.53981481481481 0.034375 0.048148148148148
6 0.51848958333333 0.275 0.0359375 0.046296296296296
6 0.0953125 0.075462962962963 0.042708333333333 0.056481481481481
6 0.47447916666667 0.34768518518519 0.045833333333333 0.058333333333333
6 0.06171875 0.12222222222222 0.0296875 0.044444444444444
6 0.53828125 0.37453703703704 0.0296875 0.043518518518519
6 0.39427083333333 0.4087962962963 0.033333333333333 0.049074074074074
6 0.31067708333333 0.38240740740741 0.031770833333333 0.044444444444444
6 0.2328125 0.46203703703704 0.033333333333333 0.046296296296296