10 0.45364583333333 0.5662037037037 0.0125 0.017592592592593
10 0.27578125 0.66157407407407 0.021354166666667 0.030555555555556
10 0.52760416666667 0.3875 0.022916666666667 0.030555555555556
10 0.2421875 0.62268518518519 0.034375 0.052777777777778
10 0.5734375 0.098611111111111 0.013541666666667 0.017592592592593
10 0.57630208333333 0.29583333333333 0.0171875 0.023148148148148
10 0.15182291666667 0.66944444444444 0.018229166666667 0.024074074074074
10 0.56822916666667 0.039814814814815 0.0125 0.016666666666667
10 0.18515625 0.6462962962963 0.0328125 0.040740740740741
10 0.13776041666667 0.63333333333333 0.0140625 0.018518518518519
10 0.15729166666667 0.57314814814815 0.016666666666667 0.024074074074074
10 0.47083333333333 0.47962962962963 0.027083333333333 0.035185185185185
33 0.12786458333333 0.011574074074074 0.0546875 0.023148148148148
10 0.38880208333333 0.62824074074074 0.022395833333333 0.030555555555556
10 0.097135416666667 0.66805555555556 0.013020833333333 0.017592592592593
10 0.39817708333333 0.54351851851852 0.016145833333333 0.024074074074074
10 0.27135416666667 0.4712962962963 0.085416666666667 0.13148148148148
10 0.35364583333333 0.55416666666667 0.019791666666667 0.028703703703704
10 0.17447916666667 0.64259259259259 0.063541666666667 0.066666666666667