28 0.83828125 0.66944444444444 0.0765625 0.086111111111111
8 0.129296875 0.61180555555556 0.03984375 0.0625
28 0.40703125 0.74166666666667 0.1015625 0.14444444444444
32 0.612109375 0.54166666666667 0.06640625 0.1
28 0.42421875 0.57083333333333 0.1109375 0.13611111111111
28 0.353515625 0.69236111111111 0.03359375 0.043055555555556
28 0.53125 0.73611111111111 0.0875 0.1
8 0.220703125 0.70833333333333 0.03984375 0.044444444444444
28 0.17421875 0.37916666666667 0.0875 0.1
28 0.708203125 0.97638888888889 0.05390625 0.047222222222222
8 0.309765625 0.65972222222222 0.06640625 0.097222222222222
28 0.16484375 0.44652777777778 0.0859375 0.21527777777778
28 0.348046875 0.60694444444444 0.01953125 0.025
8 0.56640625 0.34722222222222 0.0828125 0.097222222222222
10 0.75234375 0.67777777777778 0.071875 0.069444444444444
28 0.304296875 0.51597222222222 0.06171875 0.095833333333333
28 0.290625 0.46180555555556 0.08125 0.20416666666667
