10 0.80078125 0.83263888888889 0.0328125 0.040277777777778
10 0.62421875 0.54027777777778 0.05 0.058333333333333
6 0.66796875 0.80277777777778 0.0296875 0.036111111111111
10 0.722265625 0.84652777777778 0.04765625 0.0625
10 0.667578125 0.75972222222222 0.06484375 0.088888888888889
6 0.68203125 0.86597222222222 0.03125 0.040277777777778
10 0.580859375 0.77152777777778 0.03359375 0.045833333333333
10 0.537890625 0.72013888888889 0.03515625 0.045833333333333
10 0.58984375 0.47708333333333 0.0359375 0.040277777777778
10 0.712109375 0.72222222222222 0.03359375 0.041666666666667
6 0.69453125 0.66666666666667 0.0359375 0.044444444444444
10 0.61953125 0.61597222222222 0.0359375 0.045833333333333
6 0.7359375 0.92847222222222 0.0453125 0.059722222222222
6 0.733203125 0.73125 0.03359375 0.040277777777778
10 0.585546875 0.64375 0.03984375 0.051388888888889
6 0.716796875 0.89513888888889 0.03046875 0.040277777777778
6 0.695703125 0.77916666666667 0.03046875 0.038888888888889
10 0.55703125 0.825 0.0375 0.047222222222222
6 0.749609375 0.78819444444444 0.03515625 0.043055555555556
10 0.71640625 0.97708333333333 0.040625 0.045833333333333
6 0.63125 0.87430555555556 0.0265625 0.034722222222222
10 0.64296875 0.61111111111111 0.0390625 0.047222222222222
10 0.74453125 0.43333333333333 0.0328125 0.041666666666667
6 0.669921875 0.90138888888889 0.03203125 0.038888888888889
10 0.652734375 0.72222222222222 0.02890625 0.036111111111111
10 0.735546875 0.54583333333333 0.03828125 0.044444444444444
10 0.525390625 0.9 0.03828125 0.044444444444444
6 0.7375 0.87986111111111 0.034375 0.045833333333333
10 0.628515625 0.67638888888889 0.04453125 0.05
6 0.756640625 0.70972222222222 0.03515625 0.041666666666667
6 0.671484375 0.625 0.03515625 0.044444444444444
