19 0.60260416666667 0.57037037037037 0.020833333333333 0.025925925925926
51 0.30625 0.94212962962963 0.023958333333333 0.034259259259259
10 0.98151041666667 0.18518518518519 0.036979166666667 0.1
33 0.696875 0.71018518518519 0.14166666666667 0.1037037037037
33 0.51796875 0.58842592592593 0.021354166666667 0.023148148148148
33 0.50078125 0.26759259259259 0.018229166666667 0.018518518518519
19 0.49348958333333 0.55925925925926 0.028645833333333 0.031481481481481
33 0.653125 0.60092592592593 0.08125 0.18148148148148
19 0.30078125 0.27638888888889 0.0328125 0.037962962962963
33 0.47239583333333 0.68796296296296 0.019791666666667 0.024074074074074
33 0.50078125 0.24212962962963 0.0171875 0.021296296296296
33 0.51588541666667 0.63240740740741 0.0765625 0.055555555555556
33 0.53932291666667 0.69444444444444 0.0203125 0.02037037037037
