10 0.65755208333333 0.875 0.033854166666667 0.048148148148148
10 0.60338541666667 0.84675925925926 0.0359375 0.050925925925926
10 0.57265625 0.45138888888889 0.0328125 0.047222222222222
10 0.91015625 0.20416666666667 0.041145833333333 0.063888888888889
10 0.784375 0.27268518518519 0.05625 0.086111111111111
10 0.5796875 0.39907407407407 0.034375 0.05
10 0.58177083333333 0.61157407407407 0.051041666666667 0.065740740740741
10 0.19791666666667 0.66388888888889 0.032291666666667 0.042592592592593
10 0.796875 0.62361111111111 0.036458333333333 0.050925925925926
10 0.87708333333333 0.54537037037037 0.057291666666667 0.081481481481481
10 0.62526041666667 0.55925925925926 0.034895833333333 0.048148148148148
10 0.51953125 0.60648148148148 0.034895833333333 0.048148148148148
10 0.59817708333333 0.25833333333333 0.0359375 0.061111111111111
10 0.58854166666667 0.35185185185185 0.04375 0.064814814814815
10 0.94401041666667 0.50416666666667 0.0609375 0.080555555555556
10 0.37317708333333 0.91435185185185 0.049479166666667 0.060185185185185
10 0.25416666666667 0.71759259259259 0.035416666666667 0.046296296296296
10 0.52005208333333 0.63935185185185 0.036979166666667 0.056481481481481
10 0.54765625 0.60092592592593 0.038020833333333 0.051851851851852
10 0.53854166666667 0.64398148148148 0.065625 0.097222222222222
10 0.6125 0.2962962962963 0.0375 0.055555555555556
10 0.64140625 0.62037037037037 0.038020833333333 0.051851851851852
10 0.64322916666667 0.83333333333333 0.058333333333333 0.090740740740741
10 0.80234375 0.067592592592593 0.053645833333333 0.085185185185185
10 0.19973958333333 0.58888888888889 0.034895833333333 0.044444444444444
10 0.68255208333333 0.54259259259259 0.034895833333333 0.048148148148148
10 0.53255208333333 0.46712962962963 0.0328125 0.047222222222222
10 0.58489583333333 0.55972222222222 0.036458333333333 0.049074074074074
10 0.94661458333333 0.54814814814815 0.0984375 0.16666666666667
10 0.44088541666667 0.74351851851852 0.0328125 0.044444444444444
10 0.82447916666667 0.24027777777778 0.033333333333333 0.052777777777778
10 0.84739583333333 0.18009259259259 0.040625 0.063888888888889
10 0.98880208333333 0.3375 0.021354166666667 0.069444444444444
10 0.540625 0.78240740740741 0.045833333333333 0.062962962962963
10 0.64791666666667 0.58101851851852 0.042708333333333 0.058333333333333
10 0.62447916666667 0.44675925925926 0.048958333333333 0.065740740740741
10 0.34453125 0.68009259259259 0.0328125 0.041666666666667
10 0.57369791666667 0.56759259259259 0.040104166666667 0.053703703703704
10 0.70546875 0.84444444444444 0.044270833333333 0.062962962962963
10 0.63463541666667 0.49444444444444 0.0359375 0.05
10 0.74895833333333 0.91574074074074 0.033333333333333 0.044444444444444
10 0.62838541666667 0.79305555555556 0.031770833333333 0.043518518518519
10 0.61328125 0.6912037037037 0.044270833333333 0.065740740740741
10 0.6703125 0.17685185185185 0.091666666666667 0.14444444444444
10 0.52369791666667 0.84953703703704 0.0328125 0.041666666666667
10 0.56614583333333 0.64583333333333 0.10520833333333 0.14351851851852
10 0.89140625 0.54583333333333 0.093229166666667 0.1212962962963
10 0.55885416666667 0.45925925925926 0.058333333333333 0.048148148148148