8 0.92526041666667 0.78287037037037 0.13489583333333 0.22314814814815
19 0.24348958333333 0.54907407407407 0.10260416666667 0.12777777777778
19 0.18619791666667 0.72777777777778 0.0765625 0.092592592592593
19 0.50364583333333 0.61435185185185 0.06875 0.09537037037037
19 0.41276041666667 0.78518518518519 0.11927083333333 0.12407407407407
8 0.90625 0.35972222222222 0.080208333333333 0.11574074074074
19 0.31536458333333 0.61157407407407 0.0953125 0.11759259259259
19 0.49192708333333 0.275 0.063020833333333 0.092592592592593
8 0.81458333333333 0.68101851851852 0.11145833333333 0.14351851851852
19 0.4390625 0.50833333333333 0.061458333333333 0.077777777777778
19 0.15130208333333 0.73148148148148 0.11614583333333 0.11111111111111
8 0.64453125 0.052777777777778 0.0640625 0.096296296296296
8 0.95494791666667 0.2037037037037 0.058854166666667 0.081481481481481
19 0.41223958333333 0.65416666666667 0.080729166666667 0.10092592592593
19 0.45182291666667 0.37685185185185 0.0828125 0.12222222222222
