6 0.667578125 0.49930555555556 0.03203125 0.034722222222222
6 0.623046875 0.27013888888889 0.04140625 0.048611111111111
6 0.803515625 0.46319444444444 0.03515625 0.0375
6 0.734375 0.69861111111111 0.0390625 0.041666666666667
6 0.587109375 0.27777777777778 0.03203125 0.038888888888889
6 0.676953125 0.58263888888889 0.03515625 0.040277777777778
6 0.75390625 0.66875 0.0203125 0.020833333333333
6 0.648828125 0.55347222222222 0.04140625 0.045833333333333
6 0.83046875 0.43125 0.028125 0.034722222222222
6 0.709765625 0.55347222222222 0.04296875 0.045833333333333
6 0.41171875 0.55416666666667 0.028125 0.036111111111111
6 0.613671875 0.45625 0.03515625 0.040277777777778
6 0.677734375 0.72222222222222 0.03515625 0.041666666666667
6 0.61484375 0.33333333333333 0.0515625 0.063888888888889
6 0.8140625 0.61736111111111 0.0375 0.040277777777778
6 0.7296875 0.64305555555556 0.0328125 0.036111111111111
6 0.641796875 0.52083333333333 0.03515625 0.036111111111111
6 0.64140625 0.31527777777778 0.0296875 0.033333333333333
6 0.790234375 0.51875 0.05078125 0.048611111111111
6 0.354296875 0.52361111111111 0.01953125 0.022222222222222
6 0.773046875 0.59166666666667 0.03828125 0.041666666666667
6 0.790625 0.59375 0.034375 0.0375
6 0.691015625 0.22569444444444 0.04921875 0.0625
6 0.432421875 0.51666666666667 0.02265625 0.025
6 0.71171875 0.66388888888889 0.034375 0.038888888888889
6 0.7828125 0.43888888888889 0.05 0.058333333333333
6 0.826953125 0.48819444444444 0.04453125 0.045833333333333
6 0.855859375 0.59375 0.03671875 0.040277777777778
6 0.8234375 0.54583333333333 0.053125 0.063888888888889
6 0.641015625 0.49513888888889 0.03046875 0.031944444444444
6 0.783984375 0.4875 0.03203125 0.033333333333333
6 0.68046875 0.80347222222222 0.0328125 0.043055555555556
6 0.628515625 0.62569444444444 0.01796875 0.020833333333333
6 0.666015625 0.67708333333333 0.03359375 0.0375
6 0.755859375 0.61319444444444 0.03203125 0.034722222222222
6 0.715625 0.58611111111111 0.0328125 0.038888888888889
6 0.365234375 0.47152777777778 0.02890625 0.031944444444444
6 0.63046875 0.21944444444444 0.05 0.052777777777778
6 0.93984375 0.52777777777778 0.0390625 0.044444444444444
6 0.828515625 0.52847222222222 0.03671875 0.043055555555556
6 0.767578125 0.47569444444444 0.04296875 0.043055555555556
6 0.74296875 0.70625 0.059375 0.068055555555556
10 0.3546875 0.38888888888889 0.240625 0.39166666666667
6 0.428125 0.58680555555556 0.0234375 0.026388888888889
6 0.793359375 0.55763888888889 0.04921875 0.051388888888889
6 0.633984375 0.50625 0.03828125 0.043055555555556
6 0.609765625 0.59166666666667 0.01484375 0.016666666666667
6 0.65078125 0.26666666666667 0.0421875 0.05
6 0.75078125 0.54305555555556 0.0546875 0.066666666666667
6 0.441796875 0.54236111111111 0.02109375 0.023611111111111
6 0.769921875 0.69791666666667 0.03359375 0.0375
