10 0.81015625 0.54652777777778 0.06875 0.073611111111111
10 0.699609375 0.60486111111111 0.03984375 0.045833333333333
10 0.856640625 0.59861111111111 0.03828125 0.047222222222222
10 0.675 0.20694444444444 0.0484375 0.066666666666667
10 0.81171875 0.63333333333333 0.0390625 0.044444444444444
10 0.71171875 0.65138888888889 0.05 0.055555555555556
10 0.65703125 0.68888888888889 0.0375 0.05
10 0.352734375 0.47361111111111 0.28671875 0.56944444444444
10 0.825 0.22986111111111 0.2796875 0.45972222222222
10 0.5671875 0.26597222222222 0.034375 0.054166666666667
10 0.75625 0.30138888888889 0.0390625 0.055555555555556
10 0.682421875 0.30625 0.05078125 0.068055555555556
10 0.637890625 0.54166666666667 0.05390625 0.069444444444444
10 0.608203125 0.2 0.05078125 0.063888888888889
10 0.680859375 0.57083333333333 0.05234375 0.063888888888889
10 0.5953125 0.43263888888889 0.046875 0.0625
10 0.62109375 0.51527777777778 0.0359375 0.047222222222222
10 0.75078125 0.70902777777778 0.0796875 0.076388888888889
10 0.81953125 0.46458333333333 0.0359375 0.045833333333333