10 0.5546875 0.29861111111111 0.0296875 0.038888888888889
6 0.58671875 0.59375 0.025 0.026388888888889
6 0.5703125 0.54652777777778 0.028125 0.031944444444444
10 0.64453125 0.8375 0.040625 0.047222222222222
6 0.549609375 0.52361111111111 0.02890625 0.038888888888889
6 0.544921875 0.35902777777778 0.02734375 0.031944444444444
6 0.52890625 0.57430555555556 0.0265625 0.031944444444444
6 0.616796875 0.41666666666667 0.02578125 0.027777777777778
6 0.51953125 0.60833333333333 0.021875 0.025
6 0.64140625 0.72847222222222 0.025 0.026388888888889
6 0.56953125 0.57638888888889 0.03125 0.033333333333333
6 0.530078125 0.63611111111111 0.03046875 0.033333333333333
6 0.5890625 0.68402777777778 0.025 0.026388888888889
10 0.59765625 0.88125 0.021875 0.029166666666667
10 0.64296875 0.84097222222222 0.0625 0.068055555555556
6 0.58046875 0.64722222222222 0.0234375 0.027777777777778
6 0.60234375 0.61319444444444 0.028125 0.031944444444444
6 0.556640625 0.47847222222222 0.03046875 0.034722222222222
6 0.620703125 0.74166666666667 0.02734375 0.027777777777778
10 0.622265625 0.36111111111111 0.02421875 0.030555555555556
6 0.554296875 0.43194444444444 0.02734375 0.030555555555556
6 0.596875 0.50902777777778 0.0296875 0.034722222222222
