6 0.73594847775176 0.22604166666667 0.026932084309133 0.027083333333333
6 0.41100702576112 0.196875 0.05152224824356 0.052083333333333
6 0.46896955503513 0.078125 0.062060889929742 0.064583333333333
6 0.46135831381733 0.015625 0.05152224824356 0.03125
6 0.29098360655738 0.41875 0.052693208430913 0.0625
6 0.28044496487119 0.015625 0.055035128805621 0.03125
6 0.20725995316159 0.384375 0.060889929742389 0.06875
6 0.76580796252927 0.27395833333333 0.02576112412178 0.027083333333333
6 0.5228337236534 0.16354166666667 0.055035128805621 0.060416666666667
6 0.67388758782201 0.064583333333333 0.045667447306792 0.054166666666667
6 0.48126463700234 0.30520833333333 0.05152224824356 0.060416666666667
6 0.71077283372365 0.14166666666667 0.028103044496487 0.029166666666667
6 0.43852459016393 0.38645833333333 0.050351288056206 0.05625
10 0.54508196721311 0.24479166666667 0.052693208430913 0.064583333333333
10 0.58196721311475 0.45729166666667 0.028103044496487 0.027083333333333
6 0.41217798594848 0.46041666666667 0.070257611241218 0.070833333333333
6 0.20491803278689 0.28333333333333 0.049180327868852 0.054166666666667
6 0.050351288056206 0.31875 0.037470725995316 0.041666666666667
6 0.27049180327869 0.18854166666667 0.042154566744731 0.047916666666667
6 0.23185011709602 0.077083333333333 0.056206088992974 0.058333333333333
6 0.79156908665105 0.10729166666667 0.032786885245902 0.035416666666667
6 0.4016393442623 0.33229166666667 0.037470725995316 0.04375
6 0.23829039812646 0.33645833333333 0.048009367681499 0.052083333333333
6 0.36416861826698 0.27395833333333 0.049180327868852 0.05625
6 0.26932084309133 0.3625 0.046838407494145 0.054166666666667
10 0.57845433255269 0.26145833333333 0.044496487119438 0.052083333333333
6 0.32845433255269 0.41666666666667 0.092505854800937 0.10833333333333
6 0.57728337236534 0.36458333333333 0.035128805620609 0.041666666666667
6 0.2423887587822 0.2125 0.042154566744731 0.041666666666667
6 0.50058548009368 0.234375 0.045667447306792 0.052083333333333
6 0.35948477751756 0.328125 0.056206088992974 0.05625
6 0.35538641686183 0.18854166666667 0.043325526932084 0.047916666666667
6 0.074355971896956 0.28020833333333 0.052693208430913 0.05625
6 0.6036299765808 0.013541666666667 0.03864168618267 0.027083333333333
6 0.71428571428571 0.103125 0.030444964871194 0.03125
6 0.38934426229508 0.36979166666667 0.033957845433255 0.035416666666667
6 0.53454332552693 0.42395833333333 0.029274004683841 0.03125
