6 0.44791666666667 0.68240740740741 0.03125 0.044444444444444
6 0.57395833333333 0.57638888888889 0.023958333333333 0.032407407407407
6 0.30494791666667 0.29814814814815 0.028645833333333 0.040740740740741
6 0.58463541666667 0.50138888888889 0.0328125 0.047222222222222
10 0.60078125 0.70555555555556 0.030729166666667 0.040740740740741
6 0.25520833333333 0.54074074074074 0.03125 0.042592592592593
6 0.471875 0.11851851851852 0.028125 0.046296296296296
6 0.31614583333333 0.17638888888889 0.063541666666667 0.076851851851852
6 0.38125 0.2337962962963 0.028125 0.039814814814815
6 0.2609375 0.12638888888889 0.030208333333333 0.043518518518519
6 0.21484375 0.28888888888889 0.0359375 0.053703703703704
6 0.34713541666667 0.36157407407407 0.0265625 0.039814814814815
6 0.51302083333333 0.29398148148148 0.027083333333333 0.039814814814815
6 0.31692708333333 0.25740740740741 0.027604166666667 0.038888888888889
6 0.57682291666667 0.61296296296296 0.028645833333333 0.038888888888889
6 0.60677083333333 0.41666666666667 0.044791666666667 0.053703703703704
6 0.375 0.33194444444444 0.028125 0.037962962962963
6 0.022916666666667 0.079166666666667 0.03125 0.043518518518519
6 0.46744791666667 0.13333333333333 0.0265625 0.040740740740741
6 0.48723958333333 0.36851851851852 0.028645833333333 0.040740740740741
6 0.34010416666667 0.34768518518519 0.03125 0.043518518518519
6 0.070052083333333 0.18518518518519 0.030729166666667 0.044444444444444
6 0.33333333333333 0.31481481481481 0.030208333333333 0.040740740740741
10 0.69453125 0.68472222222222 0.0390625 0.050925925925926
6 0.46302083333333 0.36296296296296 0.021875 0.031481481481481
6 0.40729166666667 0.27407407407407 0.025 0.033333333333333
6 0.31692708333333 0.37962962962963 0.027604166666667 0.038888888888889
6 0.55494791666667 0.53425925925926 0.0234375 0.031481481481481
6 0.37734375 0.16481481481481 0.024479166666667 0.037037037037037
6 0.13307291666667 0.10833333333333 0.030729166666667 0.040740740740741
6 0.085416666666667 0.49212962962963 0.029166666666667 0.043518518518519
10 0.78098958333333 0.84583333333333 0.040104166666667 0.049074074074074
10 0.89140625 0.8162037037037 0.034895833333333 0.043518518518519
10 0.25598958333333 0.66712962962963 0.038020833333333 0.050925925925926
10 0.41510416666667 0.64074074074074 0.03125 0.048148148148148
6 0.61979166666667 0.63564814814815 0.03125 0.043518518518519
6 0.43671875 0.13564814814815 0.0390625 0.05462962962963
6 0.47135416666667 0.0375 0.028125 0.039814814814815
6 0.38854166666667 0.26018518518519 0.022916666666667 0.031481481481481
6 0.3625 0.46666666666667 0.025 0.037037037037037
6 0.47109375 0.37962962962963 0.028645833333333 0.038888888888889
6 0.4296875 0.21898148148148 0.025 0.036111111111111
6 0.0328125 0.17083333333333 0.027083333333333 0.037962962962963
6 0.34921875 0.23703703703704 0.040104166666667 0.053703703703704
10 0.58802083333333 0.11111111111111 0.029166666666667 0.038888888888889
10 0.25572916666667 0.7587962962963 0.030208333333333 0.04537037037037
6 0.45234375 0.32453703703704 0.0390625 0.043518518518519
10 0.7921875 0.78101851851852 0.028125 0.034259259259259
6 0.20598958333333 0.50046296296296 0.028645833333333 0.039814814814815
6 0.60104166666667 0.54398148148148 0.03125 0.041666666666667
6 0.21223958333333 0.33981481481481 0.028645833333333 0.046296296296296
6 0.094791666666667 0.40555555555556 0.029166666666667 0.044444444444444
6 0.24921875 0.46342592592593 0.031770833333333 0.047222222222222
6 0.52057291666667 0.49583333333333 0.040104166666667 0.050925925925926
6 0.24557291666667 0.21111111111111 0.0265625 0.038888888888889
6 0.10651041666667 0.13194444444444 0.021354166666667 0.032407407407407
6 0.047916666666667 0.091666666666667 0.03125 0.046296296296296
6 0.43958333333333 0.32314814814815 0.028125 0.038888888888889
6 0.66848958333333 0.48703703703704 0.0296875 0.042592592592593
6 0.4265625 0.38981481481481 0.051041666666667 0.062962962962963
6 0.32473958333333 0.40833333333333 0.0234375 0.035185185185185
6 0.26744791666667 0.31203703703704 0.030729166666667 0.046296296296296
6 0.11927083333333 0.15833333333333 0.025 0.037037037037037
6 0.53645833333333 0.38657407407407 0.030208333333333 0.039814814814815
6 0.22708333333333 0.20092592592593 0.030208333333333 0.044444444444444
6 0.15520833333333 0.38148148148148 0.032291666666667 0.046296296296296
6 0.1390625 0.1787037037037 0.041666666666667 0.062962962962963
6 0.40520833333333 0.2125 0.032291666666667 0.047222222222222
6 0.67760416666667 0.6087962962963 0.029166666666667 0.041666666666667
6 0.21666666666667 0.10740740740741 0.029166666666667 0.040740740740741
6 0.46640625 0.3287037037037 0.033854166666667 0.042592592592593
6 0.51302083333333 0.24953703703704 0.027083333333333 0.037962962962963
6 0.43411458333333 0.25046296296296 0.0421875 0.05462962962963
6 0.64739583333333 0.58981481481481 0.027083333333333 0.038888888888889
6 0.29010416666667 0.25324074074074 0.028125 0.039814814814815
6 0.48776041666667 0.27037037037037 0.025520833333333 0.038888888888889
6 0.19166666666667 0.40185185185185 0.029166666666667 0.042592592592593
6 0.55729166666667 0.42731481481481 0.042708333333333 0.058333333333333
6 0.24635416666667 0.34768518518519 0.020833333333333 0.030555555555556
6 0.15572916666667 0.35277777777778 0.028125 0.044444444444444
10 0.62239583333333 0.8662037037037 0.030208333333333 0.039814814814815
6 0.40442708333333 0.15462962962963 0.034895833333333 0.051851851851852
6 0.36458333333333 0.23333333333333 0.04375 0.046296296296296
6 0.50390625 0.28101851851852 0.034895833333333 0.043518518518519
6 0.26276041666667 0.4037037037037 0.030729166666667 0.044444444444444
6 0.53880208333333 0.56666666666667 0.027604166666667 0.038888888888889
6 0.21692708333333 0.175 0.031770833333333 0.044444444444444