10 0.521484375 0.30763888888889 0.04921875 0.0625
10 0.577734375 0.35 0.03984375 0.052777777777778
10 0.58515625 0.13402777777778 0.034375 0.051388888888889
6 0.396875 0.10138888888889 0.0328125 0.041666666666667
10 0.5 0.19722222222222 0.0359375 0.052777777777778
6 0.367578125 0.2 0.04765625 0.077777777777778
6 0.269140625 0.070833333333333 0.03984375 0.05
6 0.3203125 0.19375 0.034375 0.048611111111111
6 0.3359375 0.082638888888889 0.0390625 0.051388888888889
6 0.425390625 0.15069444444444 0.04140625 0.059722222222222
6 0.244140625 0.20972222222222 0.04921875 0.066666666666667
10 0.320703125 0.27638888888889 0.03046875 0.036111111111111
6 0.3515625 0.29027777777778 0.0375 0.052777777777778
6 0.233203125 0.025694444444444 0.03828125 0.051388888888889
10 0.52890625 0.25902777777778 0.034375 0.051388888888889
10 0.4234375 0.27638888888889 0.0359375 0.055555555555556
10 0.609375 0.30555555555556 0.0375 0.061111111111111
