6 0.26614583333333 0.32314814814815 0.026041666666667 0.033333333333333
6 0.29583333333333 0.27407407407407 0.026041666666667 0.033333333333333
10 0.52734375 0.12638888888889 0.022395833333333 0.034259259259259
6 0.23645833333333 0.50925925925926 0.027083333333333 0.031481481481481
10 0.40364583333333 0.85138888888889 0.0125 0.015740740740741
6 0.21510416666667 0.21898148148148 0.027083333333333 0.034259259259259
10 0.66848958333333 0.73796296296296 0.013020833333333 0.024074074074074
6 0.31770833333333 0.28055555555556 0.026041666666667 0.031481481481481
6 0.6625 0.42314814814815 0.023958333333333 0.02962962962963
6 0.24895833333333 0.37824074074074 0.027083333333333 0.032407407407407
6 0.43645833333333 0.3875 0.025 0.028703703703704
6 0.19244791666667 0.31666666666667 0.0265625 0.038888888888889
6 0.38463541666667 0.17314814814815 0.033854166666667 0.048148148148148
6 0.18932291666667 0.21527777777778 0.024479166666667 0.030555555555556
10 0.55651041666667 0.50740740740741 0.0171875 0.038888888888889
6 0.35729166666667 0.44398148148148 0.029166666666667 0.034259259259259
10 0.6171875 0.60648148148148 0.010416666666667 0.018518518518519
6 0.43072916666667 0.36388888888889 0.027083333333333 0.031481481481481
6 0.21614583333333 0.39212962962963 0.026041666666667 0.030555555555556
6 0.038541666666667 0.34398148148148 0.032291666666667 0.041666666666667
6 0.48697916666667 0.60694444444444 0.030208333333333 0.037962962962963
6 0.25104166666667 0.46944444444444 0.028125 0.033333333333333
6 0.58020833333333 0.49398148148148 0.023958333333333 0.028703703703704
10 0.92916666666667 0.65185185185185 0.032291666666667 0.046296296296296
6 0.2921875 0.31990740740741 0.023958333333333 0.030555555555556
10 0.5921875 0.55462962962963 0.010416666666667 0.018518518518519
6 0.35130208333333 0.28657407407407 0.030729166666667 0.036111111111111
10 0.56328125 0.56851851851852 0.0328125 0.05
10 0.29401041666667 0.6375 0.015104166666667 0.034259259259259
6 0.37786458333333 0.3337962962963 0.022395833333333 0.026851851851852
6 0.29322916666667 0.34398148148148 0.023958333333333 0.028703703703704
6 0.30833333333333 0.37685185185185 0.033333333333333 0.040740740740741
10 0.80494791666667 0.69074074074074 0.0203125 0.037037037037037
10 0.315625 0.52824074074074 0.013541666666667 0.019444444444444
10 0.30598958333333 0.69166666666667 0.0171875 0.024074074074074
10 0.27916666666667 0.50972222222222 0.011458333333333 0.021296296296296
6 0.20026041666667 0.19305555555556 0.018229166666667 0.025
6 0.45651041666667 0.40694444444444 0.0265625 0.030555555555556
6 0.16848958333333 0.45740740740741 0.025520833333333 0.033333333333333
6 0.22239583333333 0.44861111111111 0.028125 0.034259259259259
6 0.30026041666667 0.38657407407407 0.031770833333333 0.037962962962963
6 0.5015625 0.38287037037037 0.027083333333333 0.032407407407407
6 0.039583333333333 0.26851851851852 0.044791666666667 0.051851851851852
6 0.21927083333333 0.28842592592593 0.020833333333333 0.028703703703704
6 0.28125 0.2537037037037 0.041666666666667 0.055555555555556
6 0.56588541666667 0.40185185185185 0.0390625 0.046296296296296
6 0.46458333333333 0.34768518518519 0.021875 0.026851851851852
6 0.4046875 0.10092592592593 0.028125 0.038888888888889
6 0.11197916666667 0.25277777777778 0.026041666666667 0.037037037037037
6 0.41328125 0.25277777777778 0.030729166666667 0.042592592592593
6 0.06875 0.32314814814815 0.030208333333333 0.037037037037037
6 0.459375 0.3087962962963 0.025 0.028703703703704
6 0.17942708333333 0.40416666666667 0.027604166666667 0.034259259259259
6 0.11458333333333 0.5587962962963 0.030208333333333 0.041666666666667
10 0.40572916666667 0.56111111111111 0.011458333333333 0.027777777777778
6 0.4015625 0.37685185185185 0.022916666666667 0.027777777777778
6 0.43385416666667 0.325 0.022916666666667 0.027777777777778
10 0.2703125 0.575 0.015625 0.025925925925926
6 0.23151041666667 0.21481481481481 0.025520833333333 0.031481481481481
6 0.12630208333333 0.31018518518519 0.027604166666667 0.031481481481481
6 0.51901041666667 0.40046296296296 0.025520833333333 0.030555555555556
6 0.3734375 0.25416666666667 0.045833333333333 0.05462962962963
6 0.32682291666667 0.27685185185185 0.024479166666667 0.031481481481481
6 0.12317708333333 0.24305555555556 0.028645833333333 0.034259259259259
10 0.53671875 0.45833333333333 0.0890625 0.042592592592593
6 0.63697916666667 0.54351851851852 0.026041666666667 0.033333333333333
6 0.41588541666667 0.19583333333333 0.0296875 0.039814814814815
6 0.27005208333333 0.39444444444444 0.0234375 0.027777777777778
10 0.284375 0.54861111111111 0.0125 0.023148148148148
10 0.696875 0.51064814814815 0.013541666666667 0.021296296296296
6 0.30963541666667 0.42685185185185 0.025520833333333 0.031481481481481
6 0.59869791666667 0.52685185185185 0.028645833333333 0.031481481481481
6 0.2515625 0.66203703703704 0.027083333333333 0.046296296296296
6 0.35520833333333 0.36157407407407 0.021875 0.026851851851852
6 0.38567708333333 0.26388888888889 0.0390625 0.05
10 0.67447916666667 0.58472222222222 0.042708333333333 0.076851851851852
6 0.11822916666667 0.46666666666667 0.028125 0.035185185185185
6 0.25729166666667 0.40648148148148 0.029166666666667 0.031481481481481
