10 0.75644028103044 0.44479166666667 0.10304449648712 0.12708333333333
10 0.26229508196721 0.35104166666667 0.070257611241218 0.06875
6 0.75702576112412 0.021875 0.048009367681499 0.039583333333333
10 0.2980093676815 0.284375 0.06440281030445 0.06875
6 0.65690866510539 0.27083333333333 0.084309133489461 0.091666666666667
6 0.44730679156909 0.1625 0.053864168618267 0.054166666666667
10 0.81088992974239 0.14166666666667 0.059718969555035 0.0625
6 0.50175644028103 0.11145833333333 0.087822014051522 0.085416666666667
6 0.74882903981265 0.12708333333333 0.057377049180328 0.058333333333333
6 0.57494145199063 0.064583333333333 0.060889929742389 0.066666666666667
6 0.79625292740047 0.05 0.053864168618267 0.05
6 0.56674473067916 0.134375 0.091334894613583 0.085416666666667
10 0.35070257611241 0.20520833333333 0.069086651053864 0.072916666666667
6 0.70257611241218 0.21041666666667 0.096018735362998 0.0875
6 0.66686182669789 0.11458333333333 0.055035128805621 0.058333333333333
6 0.74707259953162 0.25625 0.088992974238876 0.091666666666667
6 0.63992974238876 0.17604166666667 0.078454332552693 0.085416666666667
6 0.42564402810304 0.04375 0.059718969555035 0.066666666666667
6 0.71135831381733 0.04375 0.083138173302108 0.0875