8 0.469921875 0.29097222222222 0.08828125 0.12916666666667
8 0.305078125 0.36180555555556 0.08671875 0.13194444444444
10 0.834765625 0.36805555555556 0.06171875 0.086111111111111
10 0.877734375 0.10138888888889 0.06015625 0.094444444444444
10 0.44375 0.90763888888889 0.1734375 0.17916666666667
10 0.71796875 0.71875 0.1234375 0.18194444444444
10 0.701171875 0.031944444444444 0.07734375 0.063888888888889
8 0.13046875 0.027777777777778 0.08125 0.055555555555556
10 0.621875 0.73888888888889 0.0875 0.15833333333333
10 0.422265625 0.068055555555556 0.09453125 0.13611111111111
43 0.046484375 0.69097222222222 0.09140625 0.14861111111111
10 0.878515625 0.2625 0.06484375 0.10277777777778
10 0.663671875 0.14652777777778 0.09921875 0.15972222222222