6 0.66510416666667 0.63101851851852 0.03125 0.049074074074074
6 0.35104166666667 0.49907407407407 0.030208333333333 0.042592592592593
6 0.31770833333333 0.16018518518519 0.032291666666667 0.048148148148148
6 0.60442708333333 0.89953703703704 0.0328125 0.043518518518519
6 0.39947916666667 0.4037037037037 0.03125 0.044444444444444
6 0.24557291666667 0.54166666666667 0.0328125 0.046296296296296
6 0.4796875 0.3625 0.042708333333333 0.056481481481481
6 0.4265625 0.38425925925926 0.0375 0.053703703703704
6 0.11796875 0.12824074074074 0.031770833333333 0.043518518518519
6 0.48359375 0.10324074074074 0.034895833333333 0.049074074074074
6 0.20390625 0.17314814814815 0.030729166666667 0.044444444444444
10 0.21822916666667 0.66712962962963 0.032291666666667 0.049074074074074
10 0.77552083333333 0.82731481481481 0.032291666666667 0.041666666666667
6 0.25026041666667 0.38611111111111 0.0421875 0.07037037037037
6 0.5859375 0.53981481481481 0.039583333333333 0.051851851851852
6 0.46328125 0.30324074074074 0.0359375 0.043518518518519
6 0.43984375 0.22731481481481 0.033854166666667 0.043518518518519
10 0.21953125 0.77546296296296 0.028645833333333 0.04537037037037
6 0.15677083333333 0.086111111111111 0.030208333333333 0.044444444444444
10 0.75729166666667 0.87083333333333 0.034375 0.041666666666667
6 0.16510416666667 0.39583333333333 0.032291666666667 0.04537037037037
6 0.33828125 0.32453703703704 0.044270833333333 0.060185185185185
6 0.58880208333333 0.7287037037037 0.033854166666667 0.046296296296296
6 0.56197916666667 0.60138888888889 0.033333333333333 0.047222222222222
6 0.61588541666667 0.43333333333333 0.0328125 0.05
10 0.24713541666667 0.60787037037037 0.0328125 0.047222222222222
6 0.13203125 0.15185185185185 0.030729166666667 0.042592592592593
6 0.53151041666667 0.65416666666667 0.0421875 0.058333333333333
6 0.19921875 0.25509259259259 0.0328125 0.04537037037037
6 0.091666666666667 0.085648148148148 0.036458333333333 0.049074074074074
6 0.26692708333333 0.13935185185185 0.038020833333333 0.056481481481481
6 0.43359375 0.70972222222222 0.0359375 0.052777777777778
6 0.44583333333333 0.11666666666667 0.032291666666667 0.051851851851852
6 0.39348958333333 0.25925925925926 0.038020833333333 0.053703703703704
6 0.5 0.2662037037037 0.03125 0.04537037037037
6 0.31927083333333 0.41666666666667 0.032291666666667 0.05
10 0.6 0.10648148148148 0.030208333333333 0.042592592592593
6 0.10963541666667 0.090277777777778 0.034895833333333 0.049074074074074
6 0.54973958333333 0.42731481481481 0.031770833333333 0.047222222222222
6 0.50859375 0.50092592592593 0.038020833333333 0.048148148148148
6 0.062760416666667 0.12962962962963 0.031770833333333 0.044444444444444
10 0.85442708333333 0.84768518518519 0.034895833333333 0.043518518518519
6 0.14088541666667 0.33518518518519 0.0390625 0.059259259259259
6 0.534375 0.52916666666667 0.034375 0.04537037037037
6 0.11640625 0.051388888888889 0.0328125 0.043518518518519
6 0.013541666666667 0.089351851851852 0.027083333333333 0.049074074074074