8 0.82473958333333 0.10416666666667 0.091145833333333 0.15648148148148
8 0.53125 0.31342592592593 0.078125 0.11759259259259
10 0.5734375 0.98101851851852 0.0625 0.037962962962963
10 0.44114583333333 0.73981481481481 0.0875 0.12037037037037
8 0.18098958333333 0.80462962962963 0.10052083333333 0.13333333333333
8 0.25703125 0.4087962962963 0.1328125 0.25462962962963
10 0.73333333333333 0.85648148148148 0.21041666666667 0.27592592592593
8 0.39427083333333 0.11342592592593 0.092708333333333 0.11944444444444
8 0.26640625 0.075925925925926 0.096354166666667 0.14444444444444
8 0.70416666666667 0.31111111111111 0.088541666666667 0.12777777777778
8 0.52578125 0.49861111111111 0.14010416666667 0.18240740740741