6 0.59765625 0.75138888888889 0.0734375 0.094444444444444
6 0.708984375 0.61944444444444 0.05703125 0.061111111111111
6 0.5328125 0.60208333333333 0.075 0.079166666666667
6 0.4984375 0.6 0.040625 0.047222222222222
6 0.701171875 0.71388888888889 0.01796875 0.019444444444444
6 0.253125 0.96111111111111 0.0296875 0.038888888888889
6 0.6484375 0.50208333333333 0.06875 0.081944444444444
6 0.27734375 0.86527777777778 0.0234375 0.025
6 0.672265625 0.56041666666667 0.05078125 0.059722222222222
10 0.442578125 0.020138888888889 0.06015625 0.040277777777778
41 0.92421875 0.84444444444444 0.0359375 0.047222222222222
6 0.287109375 0.92777777777778 0.02265625 0.025
6 0.5671875 0.59652777777778 0.040625 0.045833333333333
6 0.63671875 0.58472222222222 0.0453125 0.05
6 0.320703125 0.93541666666667 0.02265625 0.026388888888889
6 0.28828125 0.88263888888889 0.025 0.023611111111111
6 0.291015625 0.95902777777778 0.03984375 0.048611111111111
6 0.1578125 0.97152777777778 0.028125 0.031944444444444
6 0.726953125 0.70277777777778 0.02734375 0.030555555555556
6 0.6828125 0.75277777777778 0.0265625 0.030555555555556
10 0.27890625 0.36111111111111 0.0484375 0.063888888888889
34 0.24375 0.72847222222222 0.328125 0.44305555555556
6 0.28203125 0.95 0.0296875 0.036111111111111
6 0.285546875 0.83125 0.03671875 0.040277777777778
6 0.2265625 0.98472222222222 0.034375 0.030555555555556
6 0.344140625 0.69930555555556 0.02109375 0.023611111111111
6 0.551171875 0.72986111111111 0.06328125 0.059722222222222
6 0.471484375 0.54652777777778 0.06640625 0.070833333333333
41 0.975390625 0.63194444444444 0.02734375 0.030555555555556
6 0.2421875 0.91944444444444 0.040625 0.044444444444444
6 0.65390625 0.69027777777778 0.0515625 0.055555555555556
6 0.63984375 0.70763888888889 0.06875 0.079166666666667
6 0.600390625 0.67986111111111 0.04921875 0.054166666666667
6 0.52109375 0.67083333333333 0.04375 0.05
6 0.534765625 0.8 0.04140625 0.05
6 0.611328125 0.61180555555556 0.07109375 0.079166666666667
6 0.690234375 0.59027777777778 0.06640625 0.088888888888889
6 0.558203125 0.67777777777778 0.07734375 0.072222222222222
