6 0.246484375 0.078472222222222 0.03671875 0.059722222222222
41 0.639453125 0.47083333333333 0.03203125 0.044444444444444
6 0.28125 0.3 0.028125 0.041666666666667
10 0.566015625 0.14305555555556 0.02890625 0.041666666666667
10 0.415625 0.18680555555556 0.034375 0.056944444444444
10 0.357421875 0.19166666666667 0.02890625 0.047222222222222
6 0.31171875 0.13541666666667 0.0390625 0.059722222222222
6 0.30078125 0.24722222222222 0.0328125 0.05
6 0.2390625 0.17638888888889 0.03125 0.05
10 0.44453125 0.041666666666667 0.0265625 0.041666666666667
10 0.385546875 0.10208333333333 0.03046875 0.048611111111111
10 0.548828125 0.0625 0.03359375 0.05
6 0.26953125 0.038194444444444 0.05 0.068055555555556
10 0.355859375 0.090972222222222 0.03046875 0.048611111111111
6 0.2484375 0.28680555555556 0.0359375 0.051388888888889
6 0.284375 0.090277777777778 0.0328125 0.047222222222222
