6 0.565625 0.19212962962963 0.026041666666667 0.030555555555556
6 0.353125 0.097222222222222 0.020833333333333 0.024074074074074
6 0.59375 0.14722222222222 0.038541666666667 0.048148148148148
6 0.53541666666667 0.093981481481481 0.030208333333333 0.036111111111111
6 0.48802083333333 0.034722222222222 0.026041666666667 0.028703703703704
6 0.52395833333333 0.051388888888889 0.022916666666667 0.026851851851852
6 0.59557291666667 0.030092592592593 0.028645833333333 0.034259259259259
6 0.56640625 0.16759259259259 0.0234375 0.027777777777778
6 0.47916666666667 0.093055555555556 0.01875 0.021296296296296
6 0.64661458333333 0.10694444444444 0.027604166666667 0.034259259259259
6 0.61432291666667 0.27175925925926 0.027604166666667 0.034259259259259
6 0.84895833333333 0.19675925925926 0.032291666666667 0.039814814814815
6 0.44895833333333 0.10601851851852 0.029166666666667 0.034259259259259
10 0.72578125 0.22361111111111 0.024479166666667 0.030555555555556
6 0.48541666666667 0.0060185185185185 0.021875 0.012037037037037
6 0.50885416666667 0.1 0.032291666666667 0.044444444444444
6 0.26848958333333 0.1462962962963 0.0265625 0.037037037037037
6 0.51197916666667 0.15138888888889 0.027083333333333 0.032407407407407
6 0.72734375 0.17268518518519 0.028645833333333 0.036111111111111