6 0.729296875 0.63333333333333 0.06015625 0.069444444444444
6 0.671484375 0.61736111111111 0.03984375 0.048611111111111
6 0.76484375 0.24027777777778 0.053125 0.072222222222222
6 0.673828125 0.67013888888889 0.04140625 0.051388888888889
6 0.66171875 0.60347222222222 0.040625 0.048611111111111
10 0.826953125 0.26458333333333 0.26953125 0.52916666666667
6 0.626953125 0.57708333333333 0.03828125 0.048611111111111
6 0.626953125 0.19583333333333 0.03828125 0.052777777777778
6 0.63828125 0.15 0.0515625 0.069444444444444
10 0.272265625 0.29861111111111 0.03203125 0.038888888888889
6 0.54296875 0.22222222222222 0.034375 0.052777777777778
6 0.790625 0.45138888888889 0.0375 0.044444444444444
6 0.76015625 0.35138888888889 0.04375 0.058333333333333
6 0.651953125 0.18263888888889 0.03828125 0.054166666666667
6 0.764453125 0.62152777777778 0.05390625 0.059722222222222
10 0.669140625 0.81805555555556 0.03671875 0.047222222222222
6 0.7203125 0.72777777777778 0.0609375 0.066666666666667
6 0.733203125 0.30625 0.04296875 0.059722222222222
6 0.75625 0.71041666666667 0.0375 0.045833333333333
6 0.76171875 0.54513888888889 0.06875 0.073611111111111
6 0.71796875 0.21527777777778 0.040625 0.061111111111111
6 0.713671875 0.58333333333333 0.03984375 0.044444444444444
6 0.703125 0.66666666666667 0.040625 0.047222222222222
6 0.81015625 0.58541666666667 0.046875 0.051388888888889
6 0.653125 0.69722222222222 0.034375 0.041666666666667
6 0.80859375 0.61041666666667 0.0359375 0.043055555555556
6 0.66484375 0.74652777777778 0.0390625 0.048611111111111
10 0.342578125 0.53680555555556 0.28359375 0.5625
10 0.940234375 0.55625 0.03671875 0.043055555555556
10 0.936328125 0.036111111111111 0.03046875 0.041666666666667
6 0.5703125 0.40486111111111 0.046875 0.065277777777778
6 0.787109375 0.67361111111111 0.05078125 0.058333333333333
6 0.54453125 0.31527777777778 0.0328125 0.047222222222222
6 0.758984375 0.49791666666667 0.05546875 0.065277777777778
6 0.84765625 0.62222222222222 0.0484375 0.055555555555556
6 0.66796875 0.28055555555556 0.040625 0.055555555555556
6 0.5890625 0.16597222222222 0.0390625 0.054166666666667