10 0.3875 0.72569444444444 0.040625 0.079166666666667
33 0.328125 0.26805555555556 0.0359375 0.058333333333333
10 0.374609375 0.018055555555556 0.05390625 0.036111111111111
10 0.768359375 0.54444444444444 0.03203125 0.1
10 0.405078125 0.21805555555556 0.06171875 0.10833333333333
10 0.58984375 0.30833333333333 0.0421875 0.063888888888889
10 0.455078125 0.24097222222222 0.03984375 0.068055555555556
10 0.74609375 0.13402777777778 0.059375 0.081944444444444
33 0.601953125 0.029861111111111 0.04921875 0.059722222222222
33 0.5921875 0.52777777777778 0.053125 0.097222222222222
10 0.285546875 0.017361111111111 0.04765625 0.034722222222222