6 0.75 0.57222222222222 0.040625 0.044444444444444
10 0.983203125 0.73194444444444 0.03203125 0.044444444444444
6 0.98203125 0.40347222222222 0.0359375 0.048611111111111
10 0.492578125 0.36111111111111 0.06328125 0.077777777777778
10 0.853515625 0.38402777777778 0.29921875 0.55694444444444
6 0.3859375 0.3875 0.0796875 0.091666666666667
10 0.04453125 0.077083333333333 0.0765625 0.10694444444444
10 0.469921875 0.23541666666667 0.06484375 0.079166666666667
6 0.459375 0.32916666666667 0.075 0.088888888888889
6 0.478515625 0.4 0.05546875 0.069444444444444
10 0.833203125 0.3625 0.03359375 0.038888888888889
10 0.173828125 0.051388888888889 0.06328125 0.088888888888889
10 0.151171875 0.58194444444444 0.26484375 0.48055555555556
10 0.339453125 0.25 0.06953125 0.094444444444444
10 0.9890625 0.14722222222222 0.0203125 0.052777777777778
10 0.302734375 0.24513888888889 0.08203125 0.10138888888889
10 0.874609375 0.20555555555556 0.04296875 0.055555555555556
10 0.50546875 0.32638888888889 0.059375 0.075
10 0.2578125 0.032638888888889 0.0734375 0.065277777777778
10 0.903125 0.15347222222222 0.0421875 0.051388888888889
10 0.44140625 0.20138888888889 0.059375 0.072222222222222
10 0.0421875 0.94375 0.0265625 0.034722222222222
10 0.301953125 0.40555555555556 0.05546875 0.075
10 0.33671875 0.49513888888889 0.0578125 0.070833333333333
10 0.81171875 0.73055555555556 0.0375 0.044444444444444
10 0.199609375 0.40972222222222 0.03828125 0.05
6 0.500390625 0.27361111111111 0.06484375 0.083333333333333
6 0.462890625 0.47152777777778 0.05703125 0.070833333333333
10 0.247265625 0.13611111111111 0.05859375 0.077777777777778
10 0.837109375 0.63333333333333 0.05078125 0.069444444444444
10 0.315625 0.31666666666667 0.0578125 0.072222222222222
10 0.03203125 0.54305555555556 0.03125 0.038888888888889
10 0.39921875 0.45763888888889 0.0578125 0.076388888888889
