6 0.28161592505855 0.082291666666667 0.052693208430913 0.05625
6 0.54683840749415 0.640625 0.070257611241218 0.077083333333333
6 0.41978922716628 0.40208333333333 0.045667447306792 0.05
10 0.92505854800937 0.44375 0.044496487119438 0.05
6 0.11651053864169 0.55104166666667 0.066744730679157 0.072916666666667
6 0.33782201405152 0.69166666666667 0.040983606557377 0.045833333333333
6 0.51873536299766 0.51041666666667 0.039812646370023 0.041666666666667
6 0.32201405152225 0.33958333333333 0.067915690866511 0.083333333333333
6 0.4268149882904 0.52083333333333 0.083138173302108 0.10416666666667
6 0.60948477751756 0.10416666666667 0.059718969555035 0.066666666666667
6 0.36065573770492 0.39895833333333 0.07728337236534 0.085416666666667
6 0.87763466042155 0.28645833333333 0.024590163934426 0.022916666666667
6 0.51639344262295 0.40520833333333 0.058548009367682 0.064583333333333
6 0.49180327868852 0.047916666666667 0.056206088992974 0.066666666666667
6 0.72775175644028 0.221875 0.029274004683841 0.03125
6 0.26170960187354 0.35 0.050351288056206 0.058333333333333
6 0.73711943793911 0.25729166666667 0.026932084309133 0.027083333333333
6 0.24004683840749 0.59895833333333 0.070257611241218 0.072916666666667
6 0.77341920374707 0.30416666666667 0.026932084309133 0.029166666666667
6 0.34192037470726 0.63020833333333 0.044496487119438 0.052083333333333
6 0.29742388758782 0.53541666666667 0.065573770491803 0.070833333333333
6 0.33723653395785 0.459375 0.098360655737705 0.10625
6 0.73711943793911 0.33020833333333 0.026932084309133 0.027083333333333
6 0.27985948477752 0.44583333333333 0.058548009367682 0.066666666666667
6 0.28922716627635 0.61666666666667 0.046838407494145 0.05
6 0.56030444964871 0.56666666666667 0.050351288056206 0.054166666666667
6 0.76639344262295 0.21666666666667 0.033957845433255 0.033333333333333
6 0.38583138173302 0.584375 0.057377049180328 0.064583333333333
6 0.63348946135831 0.43958333333333 0.046838407494145 0.041666666666667
6 0.40281030444965 0.26770833333333 0.053864168618267 0.060416666666667
6 0.46838407494145 0.559375 0.039812646370023 0.04375
6 0.2903981264637 0.421875 0.049180327868852 0.052083333333333
6 0.403981264637 0.69479166666667 0.067915690866511 0.077083333333333
6 0.29625292740047 0.48854166666667 0.037470725995316 0.039583333333333
6 0.65690866510539 0.43229166666667 0.032786885245902 0.035416666666667
6 0.44964871194379 0.31041666666667 0.070257611241218 0.0875
6 0.53220140515222 0.44895833333333 0.052693208430913 0.06875
6 0.37529274004684 0.15104166666667 0.045667447306792 0.052083333333333
6 0.53395784543326 0.057291666666667 0.063231850117096 0.08125
6 0.33665105386417 0.20208333333333 0.055035128805621 0.058333333333333
6 0.44086651053864 0.36770833333333 0.043325526932084 0.047916666666667
