19 0.44375 0.63009259259259 0.029166666666667 0.032407407407407
19 0.27057291666667 0.36064814814815 0.0328125 0.043518518518519
19 0.22395833333333 0.44953703703704 0.05 0.062037037037037
19 0.39947916666667 0.26111111111111 0.033333333333333 0.048148148148148
33 0.56848958333333 0.21574074074074 0.0671875 0.11481481481481
19 0.38307291666667 0.57638888888889 0.0390625 0.04537037037037
19 0.27604166666667 0.75694444444444 0.032291666666667 0.037962962962963
19 0.54869791666667 0.80416666666667 0.030729166666667 0.037962962962963
19 0.55130208333333 0.64351851851852 0.034895833333333 0.048148148148148
19 0.56666666666667 0.51666666666667 0.030208333333333 0.038888888888889
19 0.2453125 0.58009259259259 0.030208333333333 0.037962962962963
19 0.509375 0.51851851851852 0.03125 0.037037037037037
19 0.190625 0.32268518518519 0.029166666666667 0.043518518518519
19 0.3328125 0.30509259259259 0.038541666666667 0.049074074074074
19 0.28619791666667 0.68287037037037 0.038020833333333 0.041666666666667
19 0.43203125 0.77222222222222 0.052604166666667 0.057407407407407
19 0.65286458333333 0.70740740740741 0.027604166666667 0.033333333333333
19 0.3875 0.5375 0.034375 0.039814814814815
19 0.35130208333333 0.44398148148148 0.052604166666667 0.062037037037037
19 0.29270833333333 0.21666666666667 0.053125 0.066666666666667
19 0.878125 0.61527777777778 0.023958333333333 0.030555555555556
19 0.68359375 0.55555555555556 0.0265625 0.035185185185185
19 0.96067708333333 0.71018518518519 0.0265625 0.035185185185185
19 0.47838541666667 0.67175925925926 0.031770833333333 0.041666666666667
19 0.24348958333333 0.6662037037037 0.036979166666667 0.049074074074074
19 0.23125 0.33009259259259 0.052083333333333 0.076851851851852
19 0.46901041666667 0.74444444444444 0.036979166666667 0.042592592592593
19 0.37447916666667 0.39814814814815 0.03125 0.037037037037037
19 0.16302083333333 0.3787037037037 0.041666666666667 0.074074074074074