6 0.594921875 0.60555555555556 0.02421875 0.025
6 0.566015625 0.67152777777778 0.03984375 0.045833333333333
6 0.569140625 0.62013888888889 0.03203125 0.034722222222222
6 0.644921875 0.59652777777778 0.02734375 0.034722222222222
6 0.621875 0.62291666666667 0.0234375 0.026388888888889
6 0.595703125 0.71944444444444 0.02890625 0.033333333333333
10 0.60703125 0.93819444444444 0.01875 0.026388888888889
6 0.64765625 0.72777777777778 0.0265625 0.030555555555556
6 0.555078125 0.43055555555556 0.03359375 0.038888888888889
6 0.6328125 0.72361111111111 0.053125 0.033333333333333
6 0.61953125 0.71666666666667 0.03125 0.041666666666667
6 0.595703125 0.80833333333333 0.02421875 0.030555555555556
6 0.56484375 0.64513888888889 0.021875 0.023611111111111
6 0.62109375 0.68333333333333 0.0234375 0.027777777777778
6 0.6109375 0.52361111111111 0.025 0.027777777777778
6 0.68203125 0.79305555555556 0.021875 0.025
6 0.605078125 0.69166666666667 0.02109375 0.025
6 0.621875 0.4375 0.021875 0.025
6 0.5828125 0.63402777777778 0.0234375 0.026388888888889
6 0.569140625 0.52638888888889 0.03671875 0.038888888888889
6 0.552734375 0.48819444444444 0.02578125 0.031944444444444
6 0.62890625 0.37916666666667 0.0203125 0.027777777777778
6 0.550390625 0.59652777777778 0.03359375 0.0375
6 0.67109375 0.78402777777778 0.0375 0.045833333333333
6 0.563671875 0.7375 0.02265625 0.025
6 0.583203125 0.57708333333333 0.02890625 0.031944444444444
6 0.55234375 0.625 0.028125 0.033333333333333