8 0.590234375 0.29930555555556 0.09921875 0.1125
10 0.798046875 0.64097222222222 0.07109375 0.070833333333333
29 0.4296875 0.57638888888889 0.1140625 0.15
29 0.4046875 0.7 0.0515625 0.072222222222222
8 0.5515625 0.74861111111111 0.096875 0.10833333333333
8 0.22421875 0.70208333333333 0.0390625 0.043055555555556
29 0.348828125 0.60833333333333 0.02421875 0.027777777777778
8 0.316015625 0.71666666666667 0.02890625 0.033333333333333
29 0.359375 0.68402777777778 0.0390625 0.051388888888889
8 0.637109375 0.53680555555556 0.07109375 0.10416666666667
8 0.122265625 0.60416666666667 0.04453125 0.069444444444444
29 0.87421875 0.66319444444444 0.084375 0.095833333333333
8 0.295703125 0.66180555555556 0.06640625 0.098611111111111
29 0.296484375 0.46944444444444 0.09765625 0.19444444444444
29 0.176171875 0.37777777777778 0.08671875 0.1
29 0.726953125 0.97013888888889 0.05703125 0.054166666666667