6 0.672265625 0.65 0.04296875 0.05
10 0.93203125 0.43472222222222 0.025 0.033333333333333
6 0.4984375 0.40277777777778 0.0421875 0.047222222222222
6 0.83125 0.52291666666667 0.03125 0.034722222222222
6 0.82265625 0.10486111111111 0.040625 0.045833333333333
6 0.69453125 0.65625 0.0578125 0.0625
6 0.691015625 0.59930555555556 0.04296875 0.048611111111111
6 0.95234375 0.14722222222222 0.034375 0.038888888888889
6 0.6 0.22291666666667 0.04375 0.051388888888889
6 0.58125 0.15277777777778 0.0609375 0.069444444444444
6 0.551953125 0.11041666666667 0.04453125 0.054166666666667
6 0.292578125 0.83055555555556 0.03828125 0.038888888888889
10 0.83359375 0.29583333333333 0.203125 0.42777777777778
6 0.668359375 0.69166666666667 0.03515625 0.038888888888889
10 0.321875 0.65138888888889 0.2453125 0.6
6 0.68515625 0.20486111111111 0.0515625 0.0625
6 0.625390625 0.26875 0.05078125 0.056944444444444
6 0.626953125 0.15902777777778 0.04765625 0.056944444444444
6 0.7359375 0.41597222222222 0.028125 0.031944444444444
6 0.621484375 0.69375 0.03515625 0.040277777777778
6 0.5609375 0.57847222222222 0.0390625 0.045833333333333
6 0.739453125 0.70347222222222 0.04140625 0.045833333333333
6 0.675390625 0.55555555555556 0.06640625 0.069444444444444
6 0.715625 0.51319444444444 0.0640625 0.081944444444444
6 0.7078125 0.57291666666667 0.0421875 0.045833333333333
6 0.51875 0.45277777777778 0.0421875 0.047222222222222
6 0.6640625 0.72013888888889 0.0375 0.045833333333333
6 0.501953125 0.16736111111111 0.11015625 0.12083333333333
6 0.503515625 0.10555555555556 0.04609375 0.052777777777778
6 0.681640625 0.26319444444444 0.06640625 0.076388888888889
6 0.604296875 0.81041666666667 0.03359375 0.040277777777778
6 0.537890625 0.23402777777778 0.09765625 0.093055555555556
6 0.7609375 0.62569444444444 0.046875 0.056944444444444
6 0.334765625 0.99027777777778 0.02109375 0.016666666666667
6 0.645703125 0.725 0.03671875 0.044444444444444
6 0.652734375 0.27569444444444 0.04453125 0.054166666666667
6 0.580859375 0.62569444444444 0.03671875 0.043055555555556
6 0.73828125 0.60555555555556 0.0390625 0.044444444444444
6 0.619921875 0.62222222222222 0.01953125 0.022222222222222
6 0.701953125 0.70555555555556 0.03671875 0.041666666666667
6 0.657421875 0.34375 0.03984375 0.045833333333333
6 0.698046875 0.74097222222222 0.03828125 0.043055555555556
6 0.595703125 0.32083333333333 0.05390625 0.063888888888889
6 0.56171875 0.2875 0.0578125 0.072222222222222
6 0.72578125 0.73125 0.040625 0.045833333333333
6 0.794921875 0.67291666666667 0.03984375 0.048611111111111
6 0.86875 0.068055555555556 0.040625 0.052777777777778
6 0.690625 0.79444444444444 0.046875 0.052777777777778
10 0.9015625 0.62430555555556 0.0359375 0.045833333333333
6 0.494921875 0.29583333333333 0.08359375 0.091666666666667
6 0.500390625 0.35208333333333 0.03984375 0.045833333333333
6 0.77890625 0.12986111111111 0.0296875 0.0375
6 0.67265625 0.76527777777778 0.053125 0.066666666666667
6 0.797265625 0.52708333333333 0.03359375 0.034722222222222
6 0.606640625 0.75972222222222 0.03671875 0.044444444444444
6 0.983203125 0.056944444444444 0.03046875 0.047222222222222
6 0.71796875 0.47291666666667 0.034375 0.040277777777778
6 0.6640625 0.60625 0.040625 0.045833333333333
6 0.930859375 0.044444444444444 0.03359375 0.044444444444444
6 0.6265625 0.66180555555556 0.0390625 0.045833333333333
6 0.7375 0.58055555555556 0.0453125 0.058333333333333
6 0.315625 0.85833333333333 0.01875 0.019444444444444
6 0.726953125 0.66805555555556 0.03828125 0.044444444444444
6 0.48515625 0.24236111111111 0.0453125 0.051388888888889
6 0.68828125 0.46319444444444 0.05625 0.065277777777778
6 0.59609375 0.59930555555556 0.040625 0.045833333333333
6 0.602734375 0.72083333333333 0.03828125 0.041666666666667
