10 0.344140625 0.15972222222222 0.05859375 0.10555555555556
10 0.549609375 0.28055555555556 0.04609375 0.069444444444444
10 0.678515625 0.24861111111111 0.05078125 0.072222222222222
10 0.690625 0.52847222222222 0.0484375 0.073611111111111
10 0.378515625 0.64583333333333 0.04296875 0.069444444444444
10 0.49921875 0.92361111111111 0.040625 0.063888888888889
10 0.24140625 0.075 0.0421875 0.075
10 0.284765625 0.029861111111111 0.05234375 0.059722222222222
10 0.39921875 0.41875 0.0390625 0.0625
33 0.56328125 0.36319444444444 0.0625 0.095833333333333
10 0.296875 0.079166666666667 0.0703125 0.097222222222222
10 0.369921875 0.044444444444444 0.04921875 0.075