10 0.39375 0.32430555555556 0.0578125 0.0875
10 0.566015625 0.28333333333333 0.03828125 0.058333333333333
10 0.480859375 0.18263888888889 0.03359375 0.048611111111111
41 0.61171875 0.56666666666667 0.040625 0.075
10 0.5046875 0.30347222222222 0.0328125 0.048611111111111
10 0.2859375 0.0875 0.0484375 0.072222222222222
10 0.294921875 0.31666666666667 0.02890625 0.047222222222222
10 0.2359375 0.16944444444444 0.0328125 0.063888888888889
10 0.453515625 0.20486111111111 0.06171875 0.098611111111111
10 0.354296875 0.12777777777778 0.07109375 0.094444444444444
10 0.27265625 0.18541666666667 0.0390625 0.068055555555556
10 0.251171875 0.025694444444444 0.03828125 0.051388888888889
10 0.284375 0.42222222222222 0.040625 0.063888888888889
10 0.322265625 0.18958333333333 0.03828125 0.0625
10 0.525390625 0.16875 0.03359375 0.051388888888889
10 0.47578125 0.19027777777778 0.0484375 0.086111111111111
41 0.280078125 0.95625 0.03828125 0.065277777777778
