10 0.36875 0.12847222222222 0.0609375 0.098611111111111
10 0.255078125 0.15763888888889 0.04140625 0.065277777777778
10 0.446875 0.18402777777778 0.0390625 0.056944444444444
10 0.51015625 0.33680555555556 0.0484375 0.073611111111111
10 0.264453125 0.043055555555556 0.03984375 0.066666666666667
10 0.4296875 0.089583333333333 0.0578125 0.090277777777778
43 0.64375 0.59861111111111 0.046875 0.066666666666667
10 0.3078125 0.54861111111111 0.04375 0.069444444444444
10 0.427734375 0.23541666666667 0.04140625 0.0625
10 0.49765625 0.19027777777778 0.0390625 0.058333333333333
10 0.3296875 0.36041666666667 0.0296875 0.045833333333333
10 0.624609375 0.27916666666667 0.04140625 0.061111111111111
10 0.261328125 0.21388888888889 0.03828125 0.061111111111111
10 0.484375 0.25347222222222 0.0359375 0.054166666666667
10 0.553125 0.18888888888889 0.04375 0.069444444444444
10 0.26875 0.10555555555556 0.05625 0.088888888888889
43 0.3703125 0.975 0.0484375 0.047222222222222
10 0.308203125 0.175 0.04140625 0.061111111111111
10 0.465234375 0.36319444444444 0.05390625 0.090277777777778
10 0.3546875 0.44305555555556 0.0359375 0.055555555555556