10 0.57734375 0.59930555555556 0.034375 0.043055555555556
10 0.57421875 0.56597222222222 0.0265625 0.034722222222222
10 0.696484375 0.89930555555556 0.02734375 0.0375
10 0.61171875 0.67013888888889 0.028125 0.031944444444444
10 0.543359375 0.59930555555556 0.02578125 0.034722222222222
10 0.635546875 0.60416666666667 0.03515625 0.041666666666667
10 0.546875 0.44236111111111 0.040625 0.051388888888889
10 0.61875 0.38819444444444 0.0296875 0.0375
10 0.618359375 0.44097222222222 0.03203125 0.045833333333333
10 0.641796875 0.71805555555556 0.02734375 0.036111111111111
10 0.562109375 0.66666666666667 0.03046875 0.038888888888889
10 0.628515625 0.71527777777778 0.03984375 0.038888888888889
10 0.66171875 0.80833333333333 0.0359375 0.041666666666667
10 0.544140625 0.51666666666667 0.02734375 0.036111111111111
10 0.566015625 0.48888888888889 0.02578125 0.036111111111111
10 0.655859375 0.77847222222222 0.03046875 0.040277777777778