6 0.23046875 0.37175925925926 0.031770833333333 0.04537037037037
6 0.2484375 0.17824074074074 0.029166666666667 0.04537037037037
6 0.50520833333333 0.036111111111111 0.042708333333333 0.064814814814815
6 0.546875 0.33611111111111 0.030208333333333 0.042592592592593
6 0.31197916666667 0.375 0.028125 0.044444444444444
10 0.41848958333333 0.71018518518519 0.0328125 0.046296296296296
10 0.63098958333333 0.072222222222222 0.0328125 0.046296296296296
6 0.09375 0.03287037037037 0.045833333333333 0.058333333333333
6 0.42109375 0.0625 0.0359375 0.047222222222222
6 0.10729166666667 0.10277777777778 0.036458333333333 0.055555555555556
6 0.52526041666667 0.24444444444444 0.0328125 0.048148148148148
6 0.23567708333333 0.051851851851852 0.0296875 0.042592592592593
10 0.69505208333333 0.70092592592593 0.0515625 0.072222222222222
6 0.44401041666667 0.15740740740741 0.0328125 0.044444444444444
10 0.77395833333333 0.81064814814815 0.03125 0.039814814814815
10 0.7484375 0.91527777777778 0.034375 0.04537037037037
6 0.12005208333333 0.31157407407407 0.047395833333333 0.062037037037037
6 0.44296875 0.35092592592593 0.049479166666667 0.066666666666667
6 0.29088541666667 0.28148148148148 0.0328125 0.048148148148148
10 0.64401041666667 0.58888888888889 0.036979166666667 0.055555555555556
10 0.38776041666667 0.67407407407407 0.0484375 0.07962962962963
6 0.33932291666667 0.29537037037037 0.0390625 0.051851851851852
6 0.19609375 0.23333333333333 0.0390625 0.059259259259259
6 0.55807291666667 0.40925925925926 0.036979166666667 0.048148148148148
10 0.54505208333333 0.65231481481481 0.046354166666667 0.058333333333333
6 0.055208333333333 0.43287037037037 0.034375 0.05462962962963
6 0.47578125 0.2625 0.0359375 0.050925925925926
6 0.37552083333333 0.26342592592593 0.035416666666667 0.052777777777778
6 0.39479166666667 0.19212962962963 0.03125 0.04537037037037
6 0.33203125 0.41527777777778 0.034895833333333 0.052777777777778
6 0.47473958333333 0.093055555555556 0.028645833333333 0.043518518518519
6 0.05703125 0.069907407407407 0.034895833333333 0.049074074074074
10 0.84348958333333 0.84074074074074 0.033854166666667 0.040740740740741
6 0.49036458333333 0.3125 0.044270833333333 0.065740740740741
6 0.011979166666667 0.031018518518519 0.023958333333333 0.050925925925926
10 0.66328125 0.72592592592593 0.0328125 0.044444444444444
6 0.37604166666667 0.14953703703704 0.030208333333333 0.043518518518519
6 0.49505208333333 0.29907407407407 0.030729166666667 0.044444444444444
6 0.38854166666667 0.37916666666667 0.034375 0.05462962962963
6 0.33463541666667 0.095833333333333 0.044270833333333 0.063888888888889
6 0.59114583333333 0.41898148148148 0.030208333333333 0.039814814814815
6 0.35885416666667 0.33842592592593 0.030208333333333 0.043518518518519
10 0.59609375 0.73009259259259 0.038020833333333 0.056481481481481
6 0.22942708333333 0.23240740740741 0.0296875 0.044444444444444
6 0.33072916666667 0.16851851851852 0.040625 0.055555555555556
6 0.46458333333333 0.078703703703704 0.03125 0.048148148148148
6 0.45 0.175 0.03125 0.044444444444444
10 0.19817708333333 0.77824074074074 0.030729166666667 0.04537037037037
6 0.22005208333333 0.17731481481481 0.030729166666667 0.047222222222222
6 0.06015625 0.33333333333333 0.033854166666667 0.051851851851852
6 0.50885416666667 0.4912037037037 0.033333333333333 0.04537037037037
10 0.59765625 0.89907407407407 0.031770833333333 0.042592592592593
6 0.590625 0.48611111111111 0.028125 0.044444444444444
6 0.35104166666667 0.10555555555556 0.042708333333333 0.057407407407407
6 0.35390625 0.51018518518519 0.033854166666667 0.044444444444444
6 0.275 0.13703703703704 0.03125 0.048148148148148
6 0.29010416666667 0.26296296296296 0.030208333333333 0.048148148148148
6 0.56901041666667 0.38287037037037 0.0328125 0.04537037037037
6 0.27447916666667 0.16990740740741 0.030208333333333 0.04537037037037
6 0.60078125 0.64768518518519 0.0296875 0.041666666666667
6 0.40859375 0.19768518518519 0.047395833333333 0.060185185185185
6 0.68255208333333 0.48425925925926 0.028645833333333 0.042592592592593