6 0.41822916666667 0.18194444444444 0.022916666666667 0.025
6 0.38463541666667 0.10601851851852 0.031770833333333 0.036111111111111
6 0.27421875 0.29351851851852 0.033854166666667 0.040740740740741
6 0.45078125 0.14027777777778 0.028645833333333 0.032407407407407
6 0.60572916666667 0.65648148148148 0.03125 0.035185185185185
6 0.25963541666667 0.29351851851852 0.031770833333333 0.037037037037037
6 0.33255208333333 0.29583333333333 0.0328125 0.037962962962963
6 0.62005208333333 0.44166666666667 0.025520833333333 0.031481481481481
6 0.43776041666667 0.19907407407407 0.0234375 0.027777777777778
6 0.30963541666667 0.3787037037037 0.0265625 0.031481481481481
10 0.59140625 0.72083333333333 0.025520833333333 0.034259259259259
6 0.43880208333333 0.70231481481481 0.030729166666667 0.043518518518519
6 0.221875 0.19675925925926 0.030208333333333 0.036111111111111
6 0.090885416666667 0.096759259259259 0.030729166666667 0.034259259259259
6 0.38489583333333 0.19953703703704 0.028125 0.032407407407407
6 0.47942708333333 0.10601851851852 0.038020833333333 0.04537037037037
6 0.6671875 0.4962962962963 0.028125 0.033333333333333
6 0.54921875 0.59490740740741 0.0453125 0.04537037037037
10 0.68515625 0.70231481481481 0.021354166666667 0.026851851851852
6 0.14453125 0.33564814814815 0.0359375 0.04537037037037
6 0.034635416666667 0.038888888888889 0.046354166666667 0.051851851851852
6 0.34583333333333 0.22546296296296 0.028125 0.037962962962963
6 0.35208333333333 0.49722222222222 0.03125 0.040740740740741
6 0.53723958333333 0.37685185185185 0.0328125 0.040740740740741
6 0.30598958333333 0.26666666666667 0.027604166666667 0.033333333333333
6 0.321875 0.14861111111111 0.040625 0.058333333333333
6 0.52578125 0.29305555555556 0.0296875 0.036111111111111
6 0.64427083333333 0.70972222222222 0.029166666666667 0.036111111111111
6 0.30182291666667 0.12592592592593 0.021354166666667 0.025925925925926
6 0.45859375 0.24907407407407 0.028645833333333 0.033333333333333
6 0.32057291666667 0.40462962962963 0.0265625 0.033333333333333
6 0.77630208333333 0.81851851851852 0.028645833333333 0.035185185185185
6 0.4453125 0.30833333333333 0.023958333333333 0.027777777777778
6 0.35130208333333 0.21018518518519 0.0296875 0.038888888888889
6 0.018489583333333 0.032407407407407 0.036979166666667 0.044444444444444
6 0.40625 0.39675925925926 0.033333333333333 0.043518518518519
6 0.55 0.42361111111111 0.030208333333333 0.037962962962963
6 0.48645833333333 0.032407407407407 0.030208333333333 0.037037037037037
10 0.39270833333333 0.66018518518519 0.029166666666667 0.040740740740741
6 0.47057291666667 0.30740740740741 0.0265625 0.031481481481481
6 0.4234375 0.38564814814815 0.044791666666667 0.050925925925926
10 0.75989583333333 0.86898148148148 0.023958333333333 0.032407407407407
6 0.53541666666667 0.525 0.032291666666667 0.044444444444444
6 0.35729166666667 0.19675925925926 0.027083333333333 0.036111111111111
6 0.60859375 0.42268518518519 0.025520833333333 0.030555555555556
6 0.2015625 0.33240740740741 0.028125 0.033333333333333
6 0.20338541666667 0.17685185185185 0.028645833333333 0.033333333333333
6 0.32239583333333 0.22083333333333 0.030208333333333 0.036111111111111
6 0.41666666666667 0.11759259259259 0.023958333333333 0.02962962962963
6 0.1125 0.10185185185185 0.034375 0.038888888888889
6 0.57604166666667 0.48333333333333 0.029166666666667 0.033333333333333
6 0.24765625 0.19490740740741 0.0296875 0.036111111111111
6 0.23307291666667 0.32314814814815 0.024479166666667 0.031481481481481
6 0.0640625 0.13657407407407 0.033333333333333 0.039814814814815
6 0.53255208333333 0.23425925925926 0.030729166666667 0.038888888888889
6 0.39609375 0.2587962962963 0.0359375 0.041666666666667
6 0.22421875 0.08287037037037 0.031770833333333 0.036111111111111
6 0.55703125 0.43472222222222 0.0421875 0.050925925925926
6 0.63489583333333 0.61203703703704 0.033333333333333 0.040740740740741
6 0.33880208333333 0.32916666666667 0.031770833333333 0.037962962962963
6 0.37395833333333 0.32546296296296 0.026041666666667 0.034259259259259
6 0.074479166666667 0.43935185185185 0.035416666666667 0.039814814814815
6 0.52734375 0.58287037037037 0.025520833333333 0.030555555555556
6 0.49739583333333 0.26203703703704 0.029166666666667 0.035185185185185
6 0.26640625 0.13657407407407 0.0390625 0.04537037037037
6 0.015885416666667 0.10277777777778 0.031770833333333 0.042592592592593
6 0.11979166666667 0.13148148148148 0.025 0.033333333333333
6 0.32890625 0.1375 0.027604166666667 0.034259259259259
6 0.15442708333333 0.086574074074074 0.025520833333333 0.032407407407407
6 0.40703125 0.20231481481481 0.028645833333333 0.034259259259259
6 0.42213541666667 0.22916666666667 0.0234375 0.026851851851852
6 0.60885416666667 0.89351851851852 0.029166666666667 0.037037037037037
10 0.2515625 0.60046296296296 0.03125 0.039814814814815
6 0.29166666666667 0.24722222222222 0.029166666666667 0.035185185185185
6 0.25078125 0.5337962962963 0.0296875 0.039814814814815
6 0.58489583333333 0.41064814814815 0.023958333333333 0.030555555555556
6 0.11875 0.059259259259259 0.032291666666667 0.035185185185185
6 0.43932291666667 0.23240740740741 0.027604166666667 0.033333333333333
10 0.86145833333333 0.84351851851852 0.030208333333333 0.040740740740741
6 0.23645833333333 0.46435185185185 0.030208333333333 0.036111111111111
10 0.2234375 0.66296296296296 0.034375 0.044444444444444
6 0.19765625 0.49166666666667 0.027604166666667 0.033333333333333
6 0.34192708333333 0.1662037037037 0.0328125 0.039814814814815
6 0.47734375 0.36435185185185 0.043229166666667 0.04537037037037
6 0.17213541666667 0.39768518518519 0.033854166666667 0.039814814814815
10 0.27291666666667 0.62314814814815 0.026041666666667 0.035185185185185
6 0.13645833333333 0.16018518518519 0.027083333333333 0.031481481481481
10 0.20625 0.56064814814815 0.022916666666667 0.032407407407407
6 0.61536458333333 0.42962962962963 0.0328125 0.042592592592593
6 0.56223958333333 0.44675925925926 0.0359375 0.037962962962963
6 0.31354166666667 0.16064814814815 0.0375 0.047222222222222
6 0.59557291666667 0.10740740740741 0.031770833333333 0.038888888888889
6 0.073177083333333 0.38287037037037 0.034895833333333 0.039814814814815
6 0.19609375 0.26481481481481 0.0296875 0.035185185185185
6 0.58645833333333 0.53981481481481 0.044791666666667 0.051851851851852
6 0.39817708333333 0.1537037037037 0.027604166666667 0.031481481481481
6 0.44140625 0.11435185185185 0.030729166666667 0.036111111111111
6 0.25338541666667 0.38287037037037 0.030729166666667 0.043518518518519
6 0.50546875 0.49861111111111 0.028645833333333 0.034259259259259
6 0.56171875 0.60277777777778 0.038020833333333 0.046296296296296