8 0.6296875 0.13680555555556 0.0921875 0.10694444444444
32 0.246875 0.675 0.1125 0.13333333333333
32 0.420703125 0.98055555555556 0.07734375 0.036111111111111
32 0.88671875 0.58541666666667 0.078125 0.081944444444444
8 0.642578125 0.42916666666667 0.06484375 0.080555555555556
32 0.3328125 0.61875 0.021875 0.026388888888889
32 0.427734375 0.61944444444444 0.13515625 0.21111111111111
32 0.39453125 0.71458333333333 0.03125 0.043055555555556
32 0.16875 0.36805555555556 0.0890625 0.10833333333333
32 0.315625 0.72083333333333 0.0328125 0.036111111111111
32 0.759375 0.96875 0.0546875 0.059722222222222
32 0.306640625 0.45277777777778 0.10390625 0.20277777777778
32 0.938671875 0.67569444444444 0.08828125 0.095833333333333
10 0.636328125 0.31805555555556 0.09453125 0.10277777777778
32 0.6046875 0.75763888888889 0.1140625 0.11805555555556
32 0.360546875 0.67847222222222 0.03984375 0.056944444444444
32 0.0953125 0.59930555555556 0.0546875 0.076388888888889
32 0.209375 0.98333333333333 0.0390625 0.033333333333333
32 0.28984375 0.97083333333333 0.021875 0.025
32 0.703515625 0.52083333333333 0.07734375 0.12222222222222
