6 0.53828125 0.040277777777778 0.030729166666667 0.04537037037037
10 0.83776041666667 0.9337962962963 0.030729166666667 0.039814814814815
6 0.63671875 0.23101851851852 0.0359375 0.047222222222222
10 0.15807291666667 0.76481481481481 0.0390625 0.051851851851852
6 0.30286458333333 0.18055555555556 0.0328125 0.05
6 0.47630208333333 0.0375 0.0421875 0.058333333333333
6 0.4921875 0.2537037037037 0.036458333333333 0.051851851851852
10 0.4265625 0.67314814814815 0.070833333333333 0.096296296296296
6 0.62916666666667 0.19074074074074 0.034375 0.044444444444444
6 0.65677083333333 0.056018518518519 0.033333333333333 0.049074074074074
6 0.3640625 0.016666666666667 0.039583333333333 0.033333333333333
10 0.63854166666667 0.27361111111111 0.047916666666667 0.060185185185185
6 0.54713541666667 0.19212962962963 0.028645833333333 0.041666666666667
6 0.43645833333333 0.012962962962963 0.033333333333333 0.025925925925926
10 0.5515625 0.41435185185185 0.04375 0.052777777777778
10 0.10598958333333 0.40833333333333 0.040104166666667 0.061111111111111
6 0.39348958333333 0.21388888888889 0.034895833333333 0.051851851851852
6 0.61484375 0.067592592592593 0.028645833333333 0.042592592592593
6 0.23854166666667 0.18148148148148 0.030208333333333 0.044444444444444
10 0.78385416666667 0.62361111111111 0.039583333333333 0.043518518518519
10 0.70963541666667 0.2337962962963 0.030729166666667 0.041666666666667
6 0.39270833333333 0.17824074074074 0.035416666666667 0.050925925925926
10 0.85572916666667 0.79166666666667 0.033333333333333 0.046296296296296
10 0.1515625 0.66851851851852 0.038541666666667 0.05
6 0.5046875 0.0125 0.038541666666667 0.025
10 0.73385416666667 0.47268518518519 0.032291666666667 0.039814814814815
6 0.27291666666667 0.025462962962963 0.03125 0.041666666666667
10 0.69427083333333 0.65972222222222 0.091666666666667 0.10277777777778
10 0.15807291666667 0.053240740740741 0.0796875 0.10648148148148
6 0.28359375 0.29351851851852 0.0328125 0.046296296296296
6 0.33515625 0.072222222222222 0.030729166666667 0.044444444444444
6 0.22578125 0.27453703703704 0.031770833333333 0.04537037037037
6 0.40052083333333 0.044444444444444 0.032291666666667 0.046296296296296
10 0.74895833333333 0.40185185185185 0.034375 0.042592592592593
6 0.58203125 0.1537037037037 0.033854166666667 0.05
6 0.52916666666667 0.14074074074074 0.047916666666667 0.072222222222222
10 0.76276041666667 0.51388888888889 0.1265625 0.14259259259259
6 0.36614583333333 0.25509259259259 0.042708333333333 0.071296296296296
10 0.64661458333333 0.40324074074074 0.0796875 0.09537037037037
10 0.278125 0.48472222222222 0.034375 0.049074074074074
6 0.44817708333333 0.23981481481481 0.0421875 0.055555555555556
6 0.58645833333333 0.040740740740741 0.032291666666667 0.046296296296296
10 0.36744791666667 0.44537037037037 0.066145833333333 0.12407407407407
6 0.5578125 0.0125 0.032291666666667 0.025
6 0.57604166666667 0.19814814814815 0.036458333333333 0.048148148148148
10 0.58229166666667 0.63101851851852 0.115625 0.15833333333333
10 0.22083333333333 0.57685185185185 0.12083333333333 0.15925925925926
6 0.61432291666667 0.10277777777778 0.028645833333333 0.042592592592593
10 0.87213541666667 0.75462962962963 0.038020833333333 0.05
6 0.53072916666667 0.21296296296296 0.035416666666667 0.048148148148148
10 0.65442708333333 0.85092592592593 0.030729166666667 0.040740740740741
6 0.37421875 0.1537037037037 0.036979166666667 0.053703703703704
6 0.40807291666667 0.36805555555556 0.038020833333333 0.052777777777778
6 0.28958333333333 0.12546296296296 0.033333333333333 0.049074074074074
10 0.70026041666667 0.53333333333333 0.031770833333333 0.042592592592593