6 0.555859375 0.41805555555556 0.03203125 0.036111111111111
6 0.6375 0.91597222222222 0.0328125 0.040277777777778
6 0.62109375 0.61805555555556 0.034375 0.05
6 0.726953125 0.81944444444444 0.03515625 0.047222222222222
10 0.5375 0.59722222222222 0.0421875 0.05
6 0.713671875 0.84791666666667 0.03046875 0.0375
10 0.70625 0.73958333333333 0.0328125 0.045833333333333
10 0.6671875 0.35208333333333 0.0328125 0.040277777777778
6 0.629296875 0.75555555555556 0.03046875 0.038888888888889
10 0.664453125 0.43263888888889 0.03671875 0.040277777777778
6 0.67578125 0.60902777777778 0.0359375 0.040277777777778
6 0.587109375 0.65486111111111 0.03359375 0.040277777777778
10 0.394140625 0.97569444444444 0.03828125 0.040277777777778
6 0.58515625 0.69930555555556 0.0375 0.043055555555556
