10 0.658984375 0.69236111111111 0.03984375 0.054166666666667
6 0.54296875 0.40138888888889 0.04375 0.061111111111111
10 0.669921875 0.30416666666667 0.04609375 0.063888888888889
10 0.82578125 0.27569444444444 0.2890625 0.54583333333333
6 0.7015625 0.63611111111111 0.0546875 0.066666666666667
6 0.601171875 0.56458333333333 0.04140625 0.054166666666667
6 0.622265625 0.72291666666667 0.04140625 0.054166666666667
10 0.911328125 0.38888888888889 0.03203125 0.041666666666667
10 0.724609375 0.34236111111111 0.04140625 0.059722222222222
10 0.6234375 0.62986111111111 0.0390625 0.051388888888889
10 0.644140625 0.64236111111111 0.03671875 0.051388888888889
10 0.51796875 0.28472222222222 0.0359375 0.052777777777778
10 0.73203125 0.58541666666667 0.0421875 0.051388888888889
6 0.739453125 0.64305555555556 0.04921875 0.061111111111111
10 0.566796875 0.52916666666667 0.06328125 0.083333333333333
6 0.640625 0.24513888888889 0.0453125 0.068055555555556
10 0.928515625 0.61875 0.03359375 0.040277777777778
6 0.727734375 0.74791666666667 0.04140625 0.054166666666667
10 0.7015625 0.63611111111111 0.0546875 0.066666666666667
10 0.7171875 0.30833333333333 0.04375 0.063888888888889
10 0.707421875 0.68263888888889 0.03828125 0.048611111111111
6 0.566796875 0.52916666666667 0.06328125 0.083333333333333
6 0.684375 0.59722222222222 0.0421875 0.052777777777778
6 0.724609375 0.34236111111111 0.04140625 0.059722222222222
6 0.527734375 0.20902777777778 0.04921875 0.0625
6 0.7171875 0.30833333333333 0.04375 0.063888888888889
6 0.963671875 0.025694444444444 0.04140625 0.051388888888889
10 0.683984375 0.20625 0.04140625 0.0625
10 0.640625 0.24513888888889 0.0453125 0.068055555555556
10 0.601171875 0.56458333333333 0.04140625 0.054166666666667
10 0.64453125 0.31319444444444 0.0390625 0.059722222222222
10 0.63828125 0.75486111111111 0.040625 0.056944444444444
10 0.527734375 0.20902777777778 0.04921875 0.0625
6 0.658984375 0.69236111111111 0.03984375 0.054166666666667
10 0.518359375 0.33333333333333 0.04921875 0.066666666666667
6 0.75234375 0.72430555555556 0.0375 0.045833333333333
6 0.683984375 0.20625 0.04140625 0.0625
6 0.60625 0.29791666666667 0.0375 0.054166666666667
10 0.60625 0.29791666666667 0.0375 0.054166666666667
10 0.779296875 0.62638888888889 0.05234375 0.061111111111111
6 0.73203125 0.58541666666667 0.0421875 0.051388888888889
6 0.619140625 0.16597222222222 0.03515625 0.051388888888889
10 0.684375 0.59722222222222 0.0421875 0.052777777777778
6 0.51796875 0.28472222222222 0.0359375 0.052777777777778
10 0.626171875 0.82708333333333 0.03984375 0.054166666666667
10 0.944921875 0.091666666666667 0.03515625 0.05
6 0.75 0.69305555555556 0.0390625 0.05
10 0.75 0.69305555555556 0.0390625 0.05
10 0.619140625 0.16597222222222 0.03515625 0.051388888888889
6 0.64453125 0.31319444444444 0.0390625 0.059722222222222
6 0.696484375 0.35 0.04296875 0.061111111111111
6 0.707421875 0.68263888888889 0.03828125 0.048611111111111
10 0.859375 0.032638888888889 0.0359375 0.045833333333333
10 0.75234375 0.72430555555556 0.0375 0.045833333333333
10 0.696484375 0.35 0.04296875 0.061111111111111
10 0.963671875 0.025694444444444 0.04140625 0.051388888888889
10 0.685546875 0.7125 0.04609375 0.061111111111111
6 0.759765625 0.55416666666667 0.04296875 0.055555555555556
10 0.727734375 0.74791666666667 0.04140625 0.054166666666667
10 0.54296875 0.40138888888889 0.04375 0.061111111111111
10 0.257421875 0.34930555555556 0.03203125 0.045833333333333
6 0.63828125 0.75486111111111 0.040625 0.056944444444444
6 0.73359375 0.23402777777778 0.05 0.070833333333333
10 0.739453125 0.64305555555556 0.04921875 0.061111111111111
6 0.8125 0.65208333333333 0.040625 0.048611111111111
6 0.779296875 0.62638888888889 0.05234375 0.061111111111111
6 0.6234375 0.62986111111111 0.0390625 0.051388888888889
10 0.622265625 0.72291666666667 0.04140625 0.054166666666667
6 0.644140625 0.64236111111111 0.03671875 0.051388888888889
6 0.669921875 0.30416666666667 0.04609375 0.063888888888889
10 0.8125 0.65208333333333 0.040625 0.048611111111111
10 0.73359375 0.23402777777778 0.05 0.070833333333333
6 0.518359375 0.33333333333333 0.04921875 0.066666666666667
10 0.328515625 0.59791666666667 0.31484375 0.61527777777778
6 0.685546875 0.7125 0.04609375 0.061111111111111
10 0.759765625 0.55416666666667 0.04296875 0.055555555555556