50 0.49140625 0.40416666666667 0.011979166666667 0.021296296296296
50 0.91614583333333 0.19722222222222 0.011458333333333 0.018518518518519
50 0.346875 0.40787037037037 0.014583333333333 0.025
50 0.91276041666667 0.37037037037037 0.0098958333333333 0.016666666666667
50 0.74036458333333 0.38611111111111 0.021354166666667 0.035185185185185
50 0.92682291666667 0.34583333333333 0.0098958333333333 0.015740740740741
50 0.77317708333333 0.41666666666667 0.0140625 0.024074074074074
50 0.63541666666667 0.57268518518519 0.016666666666667 0.028703703703704
50 0.30130208333333 0.34768518518519 0.015104166666667 0.023148148148148
50 0.784375 0.3412037037037 0.015625 0.025
50 0.92760416666667 0.059722222222222 0.014583333333333 0.021296296296296
50 0.9671875 0.75231481481481 0.019791666666667 0.036111111111111
50 0.69140625 0.46851851851852 0.016145833333333 0.024074074074074
50 0.915625 0.22685185185185 0.010416666666667 0.016666666666667
50 0.66666666666667 0.7337962962963 0.044791666666667 0.076851851851852
50 0.52473958333333 0.65324074074074 0.022395833333333 0.039814814814815
50 0.97161458333333 0.1337962962963 0.022395833333333 0.039814814814815
50 0.20494791666667 0.47916666666667 0.0140625 0.023148148148148
50 0.96041666666667 0.026851851851852 0.013541666666667 0.02037037037037
50 0.75963541666667 0.081944444444444 0.0203125 0.034259259259259
50 0.26119791666667 0.49398148148148 0.0140625 0.025
50 0.8078125 0.43935185185185 0.011458333333333 0.021296296296296
50 0.92942708333333 0.45138888888889 0.0265625 0.04537037037037
50 0.98958333333333 0.57777777777778 0.011458333333333 0.022222222222222
50 0.21354166666667 0.67685185185185 0.017708333333333 0.027777777777778
50 0.89713541666667 0.5162037037037 0.016145833333333 0.026851851851852
50 0.83020833333333 0.26435185185185 0.017708333333333 0.030555555555556
50 0.26302083333333 0.97777777777778 0.042708333333333 0.044444444444444
50 0.94609375 0.31296296296296 0.0098958333333333 0.018518518518519
50 0.7390625 0.45925925925926 0.019791666666667 0.033333333333333
50 0.86666666666667 0.11018518518519 0.015625 0.025925925925926
50 0.26953125 0.70092592592593 0.013020833333333 0.02037037037037
50 0.42864583333333 0.4037037037037 0.0125 0.022222222222222
50 0.78098958333333 0.14583333333333 0.0140625 0.023148148148148
50 0.72161458333333 0.025462962962963 0.021354166666667 0.032407407407407
50 0.51692708333333 0.29537037037037 0.028645833333333 0.05
50 0.63958333333333 0.64814814814815 0.015625 0.027777777777778
50 0.67317708333333 0.44907407407407 0.011979166666667 0.02037037037037