50 0.83020833333333 0.2712962962963 0.069791666666667 0.13703703703704
50 0.77291666666667 0.26851851851852 0.020833333333333 0.035185185185185
50 0.66041666666667 0.71064814814815 0.038541666666667 0.067592592592593
50 0.67317708333333 0.54768518518519 0.018229166666667 0.032407407407407
50 0.94765625 0.26481481481481 0.024479166666667 0.040740740740741
50 0.96119791666667 0.52407407407407 0.056770833333333 0.1037037037037
50 0.92161458333333 0.24953703703704 0.0171875 0.028703703703704
50 0.54609375 0.28657407407407 0.075520833333333 0.125
50 0.71067708333333 0.53981481481481 0.084895833333333 0.16481481481481
50 0.81536458333333 0.53888888888889 0.018229166666667 0.031481481481481
50 0.57265625 0.81666666666667 0.046354166666667 0.081481481481481
50 0.8484375 0.41111111111111 0.063541666666667 0.11666666666667
50 0.59192708333333 0.62268518518519 0.0578125 0.10833333333333
50 0.44505208333333 0.34907407407407 0.097395833333333 0.1962962962963
50 0.52786458333333 0.31388888888889 0.074479166666667 0.13703703703704
50 0.38515625 0.61157407407407 0.050520833333333 0.093518518518519
50 0.45416666666667 0.044907407407407 0.078125 0.089814814814815
50 0.28854166666667 0.17037037037037 0.082291666666667 0.16111111111111
50 0.81536458333333 0.67222222222222 0.0578125 0.1037037037037
50 0.84296875 0.54953703703704 0.027604166666667 0.049074074074074
50 0.28333333333333 0.66157407407407 0.061458333333333 0.11388888888889
50 0.88333333333333 0.47314814814815 0.051041666666667 0.094444444444444
50 0.77630208333333 0.31990740740741 0.021354166666667 0.036111111111111
50 0.97291666666667 0.41574074074074 0.015625 0.027777777777778
50 0.56979166666667 0.26712962962963 0.05625 0.099074074074074
50 0.68203125 0.45092592592593 0.0609375 0.10925925925926
50 0.90286458333333 0.37314814814815 0.0578125 0.1
50 0.534375 0.47638888888889 0.06875 0.11944444444444
50 0.78307291666667 0.12268518518519 0.0484375 0.084259259259259
50 0.77135416666667 0.58564814814815 0.017708333333333 0.030555555555556
50 0.98645833333333 0.46944444444444 0.027083333333333 0.066666666666667
50 0.06484375 0.84074074074074 0.1234375 0.22222222222222
50 0.079427083333333 0.073148148148148 0.075520833333333 0.1462962962963
50 0.22057291666667 0.57037037037037 0.021354166666667 0.037037037037037
50 0.83645833333333 0.050925925925926 0.084375 0.10185185185185
50 0.64973958333333 0.58055555555556 0.0359375 0.062962962962963
50 0.77916666666667 0.77592592592593 0.052083333333333 0.090740740740741
50 0.43411458333333 0.71296296296296 0.053645833333333 0.098148148148148
50 0.74036458333333 0.11481481481481 0.019270833333333 0.031481481481481
50 0.77421875 0.42962962962963 0.052604166666667 0.096296296296296
50 0.9203125 0.70416666666667 0.098958333333333 0.16203703703704
50 0.23229166666667 0.75601851851852 0.072916666666667 0.13425925925926