50 0.53177083333333 0.069444444444444 0.032291666666667 0.053703703703704
50 0.93333333333333 0.43055555555556 0.025 0.042592592592593
50 0.484375 0.69305555555556 0.028125 0.047222222222222
50 0.525 0.29814814814815 0.019791666666667 0.02962962962963
50 0.27526041666667 0.092592592592593 0.0203125 0.027777777777778
50 0.16119791666667 0.28148148148148 0.024479166666667 0.038888888888889
50 0.40963541666667 0.375 0.021354166666667 0.033333333333333
50 0.81354166666667 0.28472222222222 0.021875 0.032407407407407
50 0.90390625 0.24490740740741 0.0328125 0.052777777777778
50 0.13229166666667 0.42314814814815 0.030208333333333 0.051851851851852
50 0.95 0.58101851851852 0.060416666666667 0.10092592592593
50 0.57473958333333 0.26111111111111 0.0203125 0.031481481481481
50 0.30208333333333 0.64212962962963 0.035416666666667 0.062037037037037
50 0.64739583333333 0.29675925925926 0.016666666666667 0.025
50 0.84583333333333 0.625 0.069791666666667 0.13518518518519
50 0.27135416666667 0.27314814814815 0.025 0.038888888888889
50 0.50859375 0.34351851851852 0.0203125 0.031481481481481
50 0.55208333333333 0.083796296296296 0.025 0.037962962962963
50 0.44895833333333 0.7337962962963 0.064583333333333 0.10833333333333
50 0.42265625 0.46342592592593 0.021354166666667 0.036111111111111
50 0.44583333333333 0.58888888888889 0.021875 0.037037037037037
50 0.52994791666667 0.59722222222222 0.0234375 0.037037037037037
50 0.85494791666667 0.13518518518519 0.0234375 0.033333333333333
50 0.41588541666667 0.61759259259259 0.0421875 0.072222222222222
50 0.596875 0.081018518518519 0.027083333333333 0.039814814814815
50 0.7578125 0.35046296296296 0.033333333333333 0.05462962962963
50 0.37213541666667 0.12546296296296 0.0203125 0.028703703703704
50 0.64453125 0.11481481481481 0.022395833333333 0.031481481481481
50 0.0296875 0.057407407407407 0.0375 0.057407407407407
50 0.40677083333333 0.14027777777778 0.022916666666667 0.034259259259259
50 0.36666666666667 0.36342592592593 0.021875 0.032407407407407
50 0.76171875 0.64305555555556 0.088020833333333 0.16388888888889
50 0.53645833333333 0.36805555555556 0.019791666666667 0.030555555555556
50 0.37760416666667 0.42916666666667 0.021875 0.036111111111111
50 0.24401041666667 0.099074074074074 0.0203125 0.025925925925926
50 0.23411458333333 0.35925925925926 0.018229166666667 0.027777777777778
50 0.27005208333333 0.30462962962963 0.024479166666667 0.040740740740741
50 0.375 0.086111111111111 0.019791666666667 0.025925925925926
50 0.54557291666667 0.78009259259259 0.044270833333333 0.076851851851852
50 0.86328125 0.37731481481481 0.022395833333333 0.032407407407407
50 0.58072916666667 0.69861111111111 0.032291666666667 0.05462962962963
50 0.54739583333333 0.67037037037037 0.040625 0.07037037037037
50 0.7453125 0.30740740740741 0.020833333333333 0.033333333333333
50 0.92708333333333 0.035648148148148 0.028125 0.041666666666667
50 0.37369791666667 0.30972222222222 0.019270833333333 0.028703703703704
50 0.27291666666667 0.15601851851852 0.027083333333333 0.041666666666667
50 0.63098958333333 0.45694444444444 0.052604166666667 0.091666666666667
50 0.49661458333333 0.63472222222222 0.047395833333333 0.080555555555556
50 0.25833333333333 0.6837962962963 0.094791666666667 0.15648148148148
50 0.52552083333333 0.11666666666667 0.020833333333333 0.031481481481481
50 0.19036458333333 0.13287037037037 0.027604166666667 0.039814814814815
50 0.61145833333333 0.21898148148148 0.022916666666667 0.030555555555556
50 0.13984375 0.096296296296296 0.024479166666667 0.037037037037037
