41 0.67317708333333 0.35972222222222 0.0203125 0.043518518518519
41 0.3015625 0.17731481481481 0.013541666666667 0.026851851851852
41 0.58619791666667 0.23148148148148 0.0171875 0.048148148148148
41 0.38177083333333 0.13518518518519 0.010416666666667 0.024074074074074
41 0.27890625 0.15555555555556 0.015104166666667 0.033333333333333
41 0.50989583333333 0.31712962962963 0.019791666666667 0.041666666666667
41 0.6875 0.49768518518519 0.033333333333333 0.071296296296296
41 0.75989583333333 0.33518518518519 0.029166666666667 0.085185185185185
41 0.25390625 0.25046296296296 0.041145833333333 0.071296296296296
41 0.23723958333333 0.050925925925926 0.0296875 0.075925925925926
41 0.51145833333333 0.50416666666667 0.028125 0.062037037037037
41 0.45703125 0.27824074074074 0.019270833333333 0.037962962962963
