41 0.89713541666667 0.60740740740741 0.044270833333333 0.090740740740741
41 0.34010416666667 0.18981481481481 0.0083333333333333 0.018518518518519
41 0.75390625 0.62731481481481 0.0296875 0.063888888888889
41 0.33411458333333 0.10787037037037 0.0078125 0.017592592592593
41 0.6 0.39953703703704 0.01875 0.034259259259259
41 0.1703125 0.40925925925926 0.022916666666667 0.042592592592593
41 0.540625 0.32407407407407 0.017708333333333 0.024074074074074
41 0.70286458333333 0.2912037037037 0.015104166666667 0.041666666666667
41 0.79140625 0.50046296296296 0.024479166666667 0.043518518518519
41 0.45078125 0.19675925925926 0.015104166666667 0.019444444444444
41 0.55833333333333 0.62222222222222 0.05625 0.090740740740741
