6 0.29375 0.75787037037037 0.028125 0.041666666666667
6 0.29921875 0.7837962962963 0.040104166666667 0.060185185185185
5 0.375 0.28287037037037 0.10833333333333 0.10092592592593
5 0.66119791666667 0.43472222222222 0.1515625 0.16018518518519
6 0.56744791666667 0.67916666666667 0.053645833333333 0.078703703703704
6 0.60026041666667 0.83148148148148 0.046354166666667 0.068518518518519
6 0.070052083333333 0.66666666666667 0.0328125 0.048148148148148
6 0.24114583333333 0.46851851851852 0.025 0.042592592592593
6 0.33489583333333 0.41111111111111 0.021875 0.035185185185185
6 0.65052083333333 0.61064814814815 0.027083333333333 0.043518518518519
6 0.37135416666667 0.33055555555556 0.01875 0.027777777777778
6 0.28854166666667 0.57037037037037 0.026041666666667 0.038888888888889
6 0.29817708333333 0.9625 0.031770833333333 0.047222222222222
6 0.37734375 0.38194444444444 0.024479166666667 0.032407407407407
6 0.13515625 0.48148148148148 0.0265625 0.038888888888889
6 0.58463541666667 0.62453703703704 0.0359375 0.05462962962963
6 0.36510416666667 0.38611111111111 0.030208333333333 0.042592592592593