6 0.4109375 0.43796296296296 0.014583333333333 0.022222222222222
5 0.87604166666667 0.65833333333333 0.0875 0.14259259259259
6 0.690625 0.67916666666667 0.04375 0.073148148148148
5 0.63802083333333 0.42361111111111 0.065625 0.10833333333333
5 0.51901041666667 0.33981481481481 0.031770833333333 0.042592592592593
5 0.51901041666667 0.33611111111111 0.0453125 0.066666666666667
6 0.43776041666667 0.45740740740741 0.018229166666667 0.02962962962963
6 0.48098958333333 0.35 0.0109375 0.016666666666667
6 0.67604166666667 0.83009259259259 0.03125 0.047222222222222
6 0.3859375 0.50833333333333 0.021875 0.038888888888889
6 0.46510416666667 0.4462962962963 0.011458333333333 0.02037037037037
6 0.43411458333333 0.38796296296296 0.0171875 0.027777777777778
6 0.76432291666667 0.74953703703704 0.043229166666667 0.075
41 0.12057291666667 0.035185185185185 0.024479166666667 0.033333333333333
6 0.5328125 0.30787037037037 0.015625 0.023148148148148
6 0.38854166666667 0.40138888888889 0.01875 0.028703703703704
6 0.43307291666667 0.4162037037037 0.0098958333333333 0.015740740740741
